ArrayTaskID input_string
1 name=\"1\";x=Tuple{QuatRotation{Float64}, Vector{Float64}}[([-0.7317732747065037 0.6409321939785589 -0.2317623721555137; -0.6578126381835535 -0.575237666947926 0.4861935412675699; 0.1782986468577739 0.5082396572938184 0.8425568486948218], [118.19304303738409, 44.63146418204686, 91.2115537081645]), ([-0.11917139754021433 0.9599492545310383 -0.2535657838384674; -0.9780956245425317 -0.06960595899574473 0.19617329003469772; 0.17066671397512498 0.27138982883959906 0.9472172050503234], [99.10643291254962, 46.45977804144794, 73.13503812389071])];temperature=3.0;alg=\"rwm\";sa_level=[0.0];T_search_runs=0;T_search_time=0.0;rs=1.4;η=0.3665;σ_t=1.25;σ_r=0.2;mu=0.5;overlap_jump=0.0;overlap_slope=1.1;bnds=120.0;persistence_weights=[0.0,0.0,0.0];n_mol=2;mol_type=\"6r7m\";nrg=\"cc_fsol\";prtbt=\"single_random\";intl=\"random\";output_directory=\"../Simulations/unsorted_output/topo_touch_ma_finish/\";delaunay_eps=100.0;exact_delaunay=false;comment=\"topo_touch_ma_finish\";mode=\"iterations\";iterations=10000;simulation_time_minutes=360.0
2 name=\"2\";x=Tuple{QuatRotation{Float64}, Vector{Float64}}[([-0.7317732747065037 0.6409321939785589 -0.2317623721555137; -0.6578126381835535 -0.575237666947926 0.4861935412675699; 0.1782986468577739 0.5082396572938184 0.8425568486948218], [118.19304303738409, 44.63146418204686, 91.2115537081645]), ([-0.11917139754021433 0.9599492545310383 -0.2535657838384674; -0.9780956245425317 -0.06960595899574473 0.19617329003469772; 0.17066671397512498 0.27138982883959906 0.9472172050503234], [99.10643291254962, 46.45977804144794, 73.13503812389071])];temperature=3.0;alg=\"rwm\";sa_level=[0.0];T_search_runs=0;T_search_time=0.0;rs=1.4;η=0.3665;σ_t=1.25;σ_r=0.2;mu=0.5;overlap_jump=0.0;overlap_slope=1.1;bnds=120.0;persistence_weights=[0.0,0.0,0.0];n_mol=2;mol_type=\"6r7m\";nrg=\"cc_fsol\";prtbt=\"single_random\";intl=\"random\";output_directory=\"../Simulations/unsorted_output/topo_touch_ma_finish/\";delaunay_eps=100.0;exact_delaunay=false;comment=\"topo_touch_ma_finish\";mode=\"iterations\";iterations=10000;simulation_time_minutes=360.0
3 name=\"3\";x=Tuple{QuatRotation{Float64}, Vector{Float64}}[([-0.7317732747065037 0.6409321939785589 -0.2317623721555137; -0.6578126381835535 -0.575237666947926 0.4861935412675699; 0.1782986468577739 0.5082396572938184 0.8425568486948218], [118.19304303738409, 44.63146418204686, 91.2115537081645]), ([-0.11917139754021433 0.9599492545310383 -0.2535657838384674; -0.9780956245425317 -0.06960595899574473 0.19617329003469772; 0.17066671397512498 0.27138982883959906 0.9472172050503234], [99.10643291254962, 46.45977804144794, 73.13503812389071])];temperature=3.0;alg=\"rwm\";sa_level=[0.0];T_search_runs=0;T_search_time=0.0;rs=1.4;η=0.3665;σ_t=1.25;σ_r=0.2;mu=0.5;overlap_jump=0.0;overlap_slope=1.1;bnds=120.0;persistence_weights=[0.0,0.0,0.0];n_mol=2;mol_type=\"6r7m\";nrg=\"cc_fsol\";prtbt=\"single_random\";intl=\"random\";output_directory=\"../Simulations/unsorted_output/topo_touch_ma_finish/\";delaunay_eps=100.0;exact_delaunay=false;comment=\"topo_touch_ma_finish\";mode=\"iterations\";iterations=10000;simulation_time_minutes=360.0
4 name=\"4\";x=Tuple{QuatRotation{Float64}, Vector{Float64}}[([-0.7317732747065037 0.6409321939785589 -0.2317623721555137; -0.6578126381835535 -0.575237666947926 0.4861935412675699; 0.1782986468577739 0.5082396572938184 0.8425568486948218], [118.19304303738409, 44.63146418204686, 91.2115537081645]), ([-0.11917139754021433 0.9599492545310383 -0.2535657838384674; -0.9780956245425317 -0.06960595899574473 0.19617329003469772; 0.17066671397512498 0.27138982883959906 0.9472172050503234], [99.10643291254962, 46.45977804144794, 73.13503812389071])];temperature=3.0;alg=\"rwm\";sa_level=[0.0];T_search_runs=0;T_search_time=0.0;rs=1.4;η=0.3665;σ_t=1.25;σ_r=0.2;mu=0.5;overlap_jump=0.0;overlap_slope=1.1;bnds=120.0;persistence_weights=[0.0,0.0,0.0];n_mol=2;mol_type=\"6r7m\";nrg=\"cc_fsol\";prtbt=\"single_random\";intl=\"random\";output_directory=\"../Simulations/unsorted_output/topo_touch_ma_finish/\";delaunay_eps=100.0;exact_delaunay=false;comment=\"topo_touch_ma_finish\";mode=\"iterations\";iterations=10000;simulation_time_minutes=360.0
5 name=\"5\";x=Tuple{QuatRotation{Float64}, Vector{Float64}}[([-0.7317732747065037 0.6409321939785589 -0.2317623721555137; -0.6578126381835535 -0.575237666947926 0.4861935412675699; 0.1782986468577739 0.5082396572938184 0.8425568486948218], [118.19304303738409, 44.63146418204686, 91.2115537081645]), ([-0.11917139754021433 0.9599492545310383 -0.2535657838384674; -0.9780956245425317 -0.06960595899574473 0.19617329003469772; 0.17066671397512498 0.27138982883959906 0.9472172050503234], [99.10643291254962, 46.45977804144794, 73.13503812389071])];temperature=3.0;alg=\"rwm\";sa_level=[0.0];T_search_runs=0;T_search_time=0.0;rs=1.4;η=0.3665;σ_t=1.25;σ_r=0.2;mu=0.5;overlap_jump=0.0;overlap_slope=1.1;bnds=120.0;persistence_weights=[0.0,0.0,0.0];n_mol=2;mol_type=\"6r7m\";nrg=\"cc_fsol\";prtbt=\"single_random\";intl=\"random\";output_directory=\"../Simulations/unsorted_output/topo_touch_ma_finish/\";delaunay_eps=100.0;exact_delaunay=false;comment=\"topo_touch_ma_finish\";mode=\"iterations\";iterations=10000;simulation_time_minutes=360.0
6 name=\"6\";x=Tuple{QuatRotation{Float64}, Vector{Float64}}[([-0.7317732747065037 0.6409321939785589 -0.2317623721555137; -0.6578126381835535 -0.575237666947926 0.4861935412675699; 0.1782986468577739 0.5082396572938184 0.8425568486948218], [118.19304303738409, 44.63146418204686, 91.2115537081645]), ([-0.11917139754021433 0.9599492545310383 -0.2535657838384674; -0.9780956245425317 -0.06960595899574473 0.19617329003469772; 0.17066671397512498 0.27138982883959906 0.9472172050503234], [99.10643291254962, 46.45977804144794, 73.13503812389071])];temperature=3.0;alg=\"rwm\";sa_level=[0.0];T_search_runs=0;T_search_time=0.0;rs=1.4;η=0.3665;σ_t=1.25;σ_r=0.2;mu=0.5;overlap_jump=0.0;overlap_slope=1.1;bnds=120.0;persistence_weights=[0.0,0.0,0.0];n_mol=2;mol_type=\"6r7m\";nrg=\"cc_fsol\";prtbt=\"single_random\";intl=\"random\";output_directory=\"../Simulations/unsorted_output/topo_touch_ma_finish/\";delaunay_eps=100.0;exact_delaunay=false;comment=\"topo_touch_ma_finish\";mode=\"iterations\";iterations=10000;simulation_time_minutes=360.0
7 name=\"7\";x=Tuple{QuatRotation{Float64}, Vector{Float64}}[([-0.7317732747065037 0.6409321939785589 -0.2317623721555137; -0.6578126381835535 -0.575237666947926 0.4861935412675699; 0.1782986468577739 0.5082396572938184 0.8425568486948218], [118.19304303738409, 44.63146418204686, 91.2115537081645]), ([-0.11917139754021433 0.9599492545310383 -0.2535657838384674; -0.9780956245425317 -0.06960595899574473 0.19617329003469772; 0.17066671397512498 0.27138982883959906 0.9472172050503234], [99.10643291254962, 46.45977804144794, 73.13503812389071])];temperature=3.0;alg=\"rwm\";sa_level=[0.0];T_search_runs=0;T_search_time=0.0;rs=1.4;η=0.3665;σ_t=1.25;σ_r=0.2;mu=0.5;overlap_jump=0.0;overlap_slope=1.1;bnds=120.0;persistence_weights=[0.0,0.0,0.0];n_mol=2;mol_type=\"6r7m\";nrg=\"cc_fsol\";prtbt=\"single_random\";intl=\"random\";output_directory=\"../Simulations/unsorted_output/topo_touch_ma_finish/\";delaunay_eps=100.0;exact_delaunay=false;comment=\"topo_touch_ma_finish\";mode=\"iterations\";iterations=10000;simulation_time_minutes=360.0
8 name=\"8\";x=Tuple{QuatRotation{Float64}, Vector{Float64}}[([-0.7317732747065037 0.6409321939785589 -0.2317623721555137; -0.6578126381835535 -0.575237666947926 0.4861935412675699; 0.1782986468577739 0.5082396572938184 0.8425568486948218], [118.19304303738409, 44.63146418204686, 91.2115537081645]), ([-0.11917139754021433 0.9599492545310383 -0.2535657838384674; -0.9780956245425317 -0.06960595899574473 0.19617329003469772; 0.17066671397512498 0.27138982883959906 0.9472172050503234], [99.10643291254962, 46.45977804144794, 73.13503812389071])];temperature=3.0;alg=\"rwm\";sa_level=[0.0];T_search_runs=0;T_search_time=0.0;rs=1.4;η=0.3665;σ_t=1.25;σ_r=0.2;mu=0.5;overlap_jump=0.0;overlap_slope=1.1;bnds=120.0;persistence_weights=[0.0,0.0,0.0];n_mol=2;mol_type=\"6r7m\";nrg=\"cc_fsol\";prtbt=\"single_random\";intl=\"random\";output_directory=\"../Simulations/unsorted_output/topo_touch_ma_finish/\";delaunay_eps=100.0;exact_delaunay=false;comment=\"topo_touch_ma_finish\";mode=\"iterations\";iterations=10000;simulation_time_minutes=360.0
9 name=\"9\";x=Tuple{QuatRotation{Float64}, Vector{Float64}}[([-0.7317732747065037 0.6409321939785589 -0.2317623721555137; -0.6578126381835535 -0.575237666947926 0.4861935412675699; 0.1782986468577739 0.5082396572938184 0.8425568486948218], [118.19304303738409, 44.63146418204686, 91.2115537081645]), ([-0.11917139754021433 0.9599492545310383 -0.2535657838384674; -0.9780956245425317 -0.06960595899574473 0.19617329003469772; 0.17066671397512498 0.27138982883959906 0.9472172050503234], [99.10643291254962, 46.45977804144794, 73.13503812389071])];temperature=3.0;alg=\"rwm\";sa_level=[0.0];T_search_runs=0;T_search_time=0.0;rs=1.4;η=0.3665;σ_t=1.25;σ_r=0.2;mu=0.5;overlap_jump=0.0;overlap_slope=1.1;bnds=120.0;persistence_weights=[0.0,0.0,0.0];n_mol=2;mol_type=\"6r7m\";nrg=\"cc_fsol\";prtbt=\"single_random\";intl=\"random\";output_directory=\"../Simulations/unsorted_output/topo_touch_ma_finish/\";delaunay_eps=100.0;exact_delaunay=false;comment=\"topo_touch_ma_finish\";mode=\"iterations\";iterations=10000;simulation_time_minutes=360.0
10 name=\"10\";x=Tuple{QuatRotation{Float64}, Vector{Float64}}[([-0.7317732747065037 0.6409321939785589 -0.2317623721555137; -0.6578126381835535 -0.575237666947926 0.4861935412675699; 0.1782986468577739 0.5082396572938184 0.8425568486948218], [118.19304303738409, 44.63146418204686, 91.2115537081645]), ([-0.11917139754021433 0.9599492545310383 -0.2535657838384674; -0.9780956245425317 -0.06960595899574473 0.19617329003469772; 0.17066671397512498 0.27138982883959906 0.9472172050503234], [99.10643291254962, 46.45977804144794, 73.13503812389071])];temperature=3.0;alg=\"rwm\";sa_level=[0.0];T_search_runs=0;T_search_time=0.0;rs=1.4;η=0.3665;σ_t=1.25;σ_r=0.2;mu=0.5;overlap_jump=0.0;overlap_slope=1.1;bnds=120.0;persistence_weights=[0.0,0.0,0.0];n_mol=2;mol_type=\"6r7m\";nrg=\"cc_fsol\";prtbt=\"single_random\";intl=\"random\";output_directory=\"../Simulations/unsorted_output/topo_touch_ma_finish/\";delaunay_eps=100.0;exact_delaunay=false;comment=\"topo_touch_ma_finish\";mode=\"iterations\";iterations=10000;simulation_time_minutes=360.0
11 name=\"11\";x=Tuple{QuatRotation{Float64}, Vector{Float64}}[([0.7400141934655023 -0.6219174653826743 0.2561204008305321; 0.6586544672389826 0.5929647347301287 -0.46321389891988396; 0.13621044840882984 0.5114797059692774 0.8484310367530453], [34.727710181468034, 107.43593361646275, 47.71731956583622]), ([0.6468788741531661 -0.7604026424561855 0.05775416452501317; 0.5512789613805339 0.41395777973928327 -0.7243828154591483; 0.5269148213075161 0.5004265959548644 0.6869745214689513], [51.78651803946268, 100.81663066825588, 23.92212100933278])];temperature=3.0;alg=\"rwm\";sa_level=[0.0];T_search_runs=0;T_search_time=0.0;rs=1.4;η=0.3665;σ_t=1.25;σ_r=0.2;mu=0.5;overlap_jump=0.0;overlap_slope=1.1;bnds=120.0;persistence_weights=[0.0,0.0,0.0];n_mol=2;mol_type=\"6r7m\";nrg=\"cc_fsol\";prtbt=\"single_random\";intl=\"random\";output_directory=\"../Simulations/unsorted_output/topo_touch_ma_finish/\";delaunay_eps=100.0;exact_delaunay=false;comment=\"topo_touch_ma_finish\";mode=\"iterations\";iterations=10000;simulation_time_minutes=360.0
12 name=\"12\";x=Tuple{QuatRotation{Float64}, Vector{Float64}}[([0.7400141934655023 -0.6219174653826743 0.2561204008305321; 0.6586544672389826 0.5929647347301287 -0.46321389891988396; 0.13621044840882984 0.5114797059692774 0.8484310367530453], [34.727710181468034, 107.43593361646275, 47.71731956583622]), ([0.6468788741531661 -0.7604026424561855 0.05775416452501317; 0.5512789613805339 0.41395777973928327 -0.7243828154591483; 0.5269148213075161 0.5004265959548644 0.6869745214689513], [51.78651803946268, 100.81663066825588, 23.92212100933278])];temperature=3.0;alg=\"rwm\";sa_level=[0.0];T_search_runs=0;T_search_time=0.0;rs=1.4;η=0.3665;σ_t=1.25;σ_r=0.2;mu=0.5;overlap_jump=0.0;overlap_slope=1.1;bnds=120.0;persistence_weights=[0.0,0.0,0.0];n_mol=2;mol_type=\"6r7m\";nrg=\"cc_fsol\";prtbt=\"single_random\";intl=\"random\";output_directory=\"../Simulations/unsorted_output/topo_touch_ma_finish/\";delaunay_eps=100.0;exact_delaunay=false;comment=\"topo_touch_ma_finish\";mode=\"iterations\";iterations=10000;simulation_time_minutes=360.0
13 name=\"13\";x=Tuple{QuatRotation{Float64}, Vector{Float64}}[([0.7400141934655023 -0.6219174653826743 0.2561204008305321; 0.6586544672389826 0.5929647347301287 -0.46321389891988396; 0.13621044840882984 0.5114797059692774 0.8484310367530453], [34.727710181468034, 107.43593361646275, 47.71731956583622]), ([0.6468788741531661 -0.7604026424561855 0.05775416452501317; 0.5512789613805339 0.41395777973928327 -0.7243828154591483; 0.5269148213075161 0.5004265959548644 0.6869745214689513], [51.78651803946268, 100.81663066825588, 23.92212100933278])];temperature=3.0;alg=\"rwm\";sa_level=[0.0];T_search_runs=0;T_search_time=0.0;rs=1.4;η=0.3665;σ_t=1.25;σ_r=0.2;mu=0.5;overlap_jump=0.0;overlap_slope=1.1;bnds=120.0;persistence_weights=[0.0,0.0,0.0];n_mol=2;mol_type=\"6r7m\";nrg=\"cc_fsol\";prtbt=\"single_random\";intl=\"random\";output_directory=\"../Simulations/unsorted_output/topo_touch_ma_finish/\";delaunay_eps=100.0;exact_delaunay=false;comment=\"topo_touch_ma_finish\";mode=\"iterations\";iterations=10000;simulation_time_minutes=360.0
14 name=\"14\";x=Tuple{QuatRotation{Float64}, Vector{Float64}}[([0.7400141934655023 -0.6219174653826743 0.2561204008305321; 0.6586544672389826 0.5929647347301287 -0.46321389891988396; 0.13621044840882984 0.5114797059692774 0.8484310367530453], [34.727710181468034, 107.43593361646275, 47.71731956583622]), ([0.6468788741531661 -0.7604026424561855 0.05775416452501317; 0.5512789613805339 0.41395777973928327 -0.7243828154591483; 0.5269148213075161 0.5004265959548644 0.6869745214689513], [51.78651803946268, 100.81663066825588, 23.92212100933278])];temperature=3.0;alg=\"rwm\";sa_level=[0.0];T_search_runs=0;T_search_time=0.0;rs=1.4;η=0.3665;σ_t=1.25;σ_r=0.2;mu=0.5;overlap_jump=0.0;overlap_slope=1.1;bnds=120.0;persistence_weights=[0.0,0.0,0.0];n_mol=2;mol_type=\"6r7m\";nrg=\"cc_fsol\";prtbt=\"single_random\";intl=\"random\";output_directory=\"../Simulations/unsorted_output/topo_touch_ma_finish/\";delaunay_eps=100.0;exact_delaunay=false;comment=\"topo_touch_ma_finish\";mode=\"iterations\";iterations=10000;simulation_time_minutes=360.0
15 name=\"15\";x=Tuple{QuatRotation{Float64}, Vector{Float64}}[([0.7400141934655023 -0.6219174653826743 0.2561204008305321; 0.6586544672389826 0.5929647347301287 -0.46321389891988396; 0.13621044840882984 0.5114797059692774 0.8484310367530453], [34.727710181468034, 107.43593361646275, 47.71731956583622]), ([0.6468788741531661 -0.7604026424561855 0.05775416452501317; 0.5512789613805339 0.41395777973928327 -0.7243828154591483; 0.5269148213075161 0.5004265959548644 0.6869745214689513], [51.78651803946268, 100.81663066825588, 23.92212100933278])];temperature=3.0;alg=\"rwm\";sa_level=[0.0];T_search_runs=0;T_search_time=0.0;rs=1.4;η=0.3665;σ_t=1.25;σ_r=0.2;mu=0.5;overlap_jump=0.0;overlap_slope=1.1;bnds=120.0;persistence_weights=[0.0,0.0,0.0];n_mol=2;mol_type=\"6r7m\";nrg=\"cc_fsol\";prtbt=\"single_random\";intl=\"random\";output_directory=\"../Simulations/unsorted_output/topo_touch_ma_finish/\";delaunay_eps=100.0;exact_delaunay=false;comment=\"topo_touch_ma_finish\";mode=\"iterations\";iterations=10000;simulation_time_minutes=360.0
16 name=\"16\";x=Tuple{QuatRotation{Float64}, Vector{Float64}}[([0.7400141934655023 -0.6219174653826743 0.2561204008305321; 0.6586544672389826 0.5929647347301287 -0.46321389891988396; 0.13621044840882984 0.5114797059692774 0.8484310367530453], [34.727710181468034, 107.43593361646275, 47.71731956583622]), ([0.6468788741531661 -0.7604026424561855 0.05775416452501317; 0.5512789613805339 0.41395777973928327 -0.7243828154591483; 0.5269148213075161 0.5004265959548644 0.6869745214689513], [51.78651803946268, 100.81663066825588, 23.92212100933278])];temperature=3.0;alg=\"rwm\";sa_level=[0.0];T_search_runs=0;T_search_time=0.0;rs=1.4;η=0.3665;σ_t=1.25;σ_r=0.2;mu=0.5;overlap_jump=0.0;overlap_slope=1.1;bnds=120.0;persistence_weights=[0.0,0.0,0.0];n_mol=2;mol_type=\"6r7m\";nrg=\"cc_fsol\";prtbt=\"single_random\";intl=\"random\";output_directory=\"../Simulations/unsorted_output/topo_touch_ma_finish/\";delaunay_eps=100.0;exact_delaunay=false;comment=\"topo_touch_ma_finish\";mode=\"iterations\";iterations=10000;simulation_time_minutes=360.0
17 name=\"17\";x=Tuple{QuatRotation{Float64}, Vector{Float64}}[([0.7400141934655023 -0.6219174653826743 0.2561204008305321; 0.6586544672389826 0.5929647347301287 -0.46321389891988396; 0.13621044840882984 0.5114797059692774 0.8484310367530453], [34.727710181468034, 107.43593361646275, 47.71731956583622]), ([0.6468788741531661 -0.7604026424561855 0.05775416452501317; 0.5512789613805339 0.41395777973928327 -0.7243828154591483; 0.5269148213075161 0.5004265959548644 0.6869745214689513], [51.78651803946268, 100.81663066825588, 23.92212100933278])];temperature=3.0;alg=\"rwm\";sa_level=[0.0];T_search_runs=0;T_search_time=0.0;rs=1.4;η=0.3665;σ_t=1.25;σ_r=0.2;mu=0.5;overlap_jump=0.0;overlap_slope=1.1;bnds=120.0;persistence_weights=[0.0,0.0,0.0];n_mol=2;mol_type=\"6r7m\";nrg=\"cc_fsol\";prtbt=\"single_random\";intl=\"random\";output_directory=\"../Simulations/unsorted_output/topo_touch_ma_finish/\";delaunay_eps=100.0;exact_delaunay=false;comment=\"topo_touch_ma_finish\";mode=\"iterations\";iterations=10000;simulation_time_minutes=360.0
18 name=\"18\";x=Tuple{QuatRotation{Float64}, Vector{Float64}}[([0.7400141934655023 -0.6219174653826743 0.2561204008305321; 0.6586544672389826 0.5929647347301287 -0.46321389891988396; 0.13621044840882984 0.5114797059692774 0.8484310367530453], [34.727710181468034, 107.43593361646275, 47.71731956583622]), ([0.6468788741531661 -0.7604026424561855 0.05775416452501317; 0.5512789613805339 0.41395777973928327 -0.7243828154591483; 0.5269148213075161 0.5004265959548644 0.6869745214689513], [51.78651803946268, 100.81663066825588, 23.92212100933278])];temperature=3.0;alg=\"rwm\";sa_level=[0.0];T_search_runs=0;T_search_time=0.0;rs=1.4;η=0.3665;σ_t=1.25;σ_r=0.2;mu=0.5;overlap_jump=0.0;overlap_slope=1.1;bnds=120.0;persistence_weights=[0.0,0.0,0.0];n_mol=2;mol_type=\"6r7m\";nrg=\"cc_fsol\";prtbt=\"single_random\";intl=\"random\";output_directory=\"../Simulations/unsorted_output/topo_touch_ma_finish/\";delaunay_eps=100.0;exact_delaunay=false;comment=\"topo_touch_ma_finish\";mode=\"iterations\";iterations=10000;simulation_time_minutes=360.0
19 name=\"19\";x=Tuple{QuatRotation{Float64}, Vector{Float64}}[([0.7400141934655023 -0.6219174653826743 0.2561204008305321; 0.6586544672389826 0.5929647347301287 -0.46321389891988396; 0.13621044840882984 0.5114797059692774 0.8484310367530453], [34.727710181468034, 107.43593361646275, 47.71731956583622]), ([0.6468788741531661 -0.7604026424561855 0.05775416452501317; 0.5512789613805339 0.41395777973928327 -0.7243828154591483; 0.5269148213075161 0.5004265959548644 0.6869745214689513], [51.78651803946268, 100.81663066825588, 23.92212100933278])];temperature=3.0;alg=\"rwm\";sa_level=[0.0];T_search_runs=0;T_search_time=0.0;rs=1.4;η=0.3665;σ_t=1.25;σ_r=0.2;mu=0.5;overlap_jump=0.0;overlap_slope=1.1;bnds=120.0;persistence_weights=[0.0,0.0,0.0];n_mol=2;mol_type=\"6r7m\";nrg=\"cc_fsol\";prtbt=\"single_random\";intl=\"random\";output_directory=\"../Simulations/unsorted_output/topo_touch_ma_finish/\";delaunay_eps=100.0;exact_delaunay=false;comment=\"topo_touch_ma_finish\";mode=\"iterations\";iterations=10000;simulation_time_minutes=360.0
20 name=\"20\";x=Tuple{QuatRotation{Float64}, Vector{Float64}}[([0.7400141934655023 -0.6219174653826743 0.2561204008305321; 0.6586544672389826 0.5929647347301287 -0.46321389891988396; 0.13621044840882984 0.5114797059692774 0.8484310367530453], [34.727710181468034, 107.43593361646275, 47.71731956583622]), ([0.6468788741531661 -0.7604026424561855 0.05775416452501317; 0.5512789613805339 0.41395777973928327 -0.7243828154591483; 0.5269148213075161 0.5004265959548644 0.6869745214689513], [51.78651803946268, 100.81663066825588, 23.92212100933278])];temperature=3.0;alg=\"rwm\";sa_level=[0.0];T_search_runs=0;T_search_time=0.0;rs=1.4;η=0.3665;σ_t=1.25;σ_r=0.2;mu=0.5;overlap_jump=0.0;overlap_slope=1.1;bnds=120.0;persistence_weights=[0.0,0.0,0.0];n_mol=2;mol_type=\"6r7m\";nrg=\"cc_fsol\";prtbt=\"single_random\";intl=\"random\";output_directory=\"../Simulations/unsorted_output/topo_touch_ma_finish/\";delaunay_eps=100.0;exact_delaunay=false;comment=\"topo_touch_ma_finish\";mode=\"iterations\";iterations=10000;simulation_time_minutes=360.0
21 name=\"21\";x=Tuple{QuatRotation{Float64}, Vector{Float64}}[([-0.20687136937735767 -0.0473438247711811 0.9772219803033355; 0.20226077232501263 -0.9793207642440884 -0.004628250086587307; 0.9572328956478806 0.1966962200358977 0.2121692261218942], [42.95045669757703, 57.13879856688534, 72.63475041698165]), ([-0.5099803760246124 -0.30890878289181584 0.8028046960015193; 0.5796376758023649 -0.8129898881673655 0.055385977720419255; 0.6355628850556231 0.49358160985789507 0.5936640578221501], [36.981642946590775, 29.437151611476647, 82.73477635271409])];temperature=3.0;alg=\"rwm\";sa_level=[0.0];T_search_runs=0;T_search_time=0.0;rs=1.4;η=0.3665;σ_t=1.25;σ_r=0.2;mu=0.5;overlap_jump=0.0;overlap_slope=1.1;bnds=120.0;persistence_weights=[0.0,0.0,0.0];n_mol=2;mol_type=\"6r7m\";nrg=\"cc_fsol\";prtbt=\"single_random\";intl=\"random\";output_directory=\"../Simulations/unsorted_output/topo_touch_ma_finish/\";delaunay_eps=100.0;exact_delaunay=false;comment=\"topo_touch_ma_finish\";mode=\"iterations\";iterations=10000;simulation_time_minutes=360.0
22 name=\"22\";x=Tuple{QuatRotation{Float64}, Vector{Float64}}[([-0.20687136937735767 -0.0473438247711811 0.9772219803033355; 0.20226077232501263 -0.9793207642440884 -0.004628250086587307; 0.9572328956478806 0.1966962200358977 0.2121692261218942], [42.95045669757703, 57.13879856688534, 72.63475041698165]), ([-0.5099803760246124 -0.30890878289181584 0.8028046960015193; 0.5796376758023649 -0.8129898881673655 0.055385977720419255; 0.6355628850556231 0.49358160985789507 0.5936640578221501], [36.981642946590775, 29.437151611476647, 82.73477635271409])];temperature=3.0;alg=\"rwm\";sa_level=[0.0];T_search_runs=0;T_search_time=0.0;rs=1.4;η=0.3665;σ_t=1.25;σ_r=0.2;mu=0.5;overlap_jump=0.0;overlap_slope=1.1;bnds=120.0;persistence_weights=[0.0,0.0,0.0];n_mol=2;mol_type=\"6r7m\";nrg=\"cc_fsol\";prtbt=\"single_random\";intl=\"random\";output_directory=\"../Simulations/unsorted_output/topo_touch_ma_finish/\";delaunay_eps=100.0;exact_delaunay=false;comment=\"topo_touch_ma_finish\";mode=\"iterations\";iterations=10000;simulation_time_minutes=360.0
23 name=\"23\";x=Tuple{QuatRotation{Float64}, Vector{Float64}}[([-0.20687136937735767 -0.0473438247711811 0.9772219803033355; 0.20226077232501263 -0.9793207642440884 -0.004628250086587307; 0.9572328956478806 0.1966962200358977 0.2121692261218942], [42.95045669757703, 57.13879856688534, 72.63475041698165]), ([-0.5099803760246124 -0.30890878289181584 0.8028046960015193; 0.5796376758023649 -0.8129898881673655 0.055385977720419255; 0.6355628850556231 0.49358160985789507 0.5936640578221501], [36.981642946590775, 29.437151611476647, 82.73477635271409])];temperature=3.0;alg=\"rwm\";sa_level=[0.0];T_search_runs=0;T_search_time=0.0;rs=1.4;η=0.3665;σ_t=1.25;σ_r=0.2;mu=0.5;overlap_jump=0.0;overlap_slope=1.1;bnds=120.0;persistence_weights=[0.0,0.0,0.0];n_mol=2;mol_type=\"6r7m\";nrg=\"cc_fsol\";prtbt=\"single_random\";intl=\"random\";output_directory=\"../Simulations/unsorted_output/topo_touch_ma_finish/\";delaunay_eps=100.0;exact_delaunay=false;comment=\"topo_touch_ma_finish\";mode=\"iterations\";iterations=10000;simulation_time_minutes=360.0
24 name=\"24\";x=Tuple{QuatRotation{Float64}, Vector{Float64}}[([-0.20687136937735767 -0.0473438247711811 0.9772219803033355; 0.20226077232501263 -0.9793207642440884 -0.004628250086587307; 0.9572328956478806 0.1966962200358977 0.2121692261218942], [42.95045669757703, 57.13879856688534, 72.63475041698165]), ([-0.5099803760246124 -0.30890878289181584 0.8028046960015193; 0.5796376758023649 -0.8129898881673655 0.055385977720419255; 0.6355628850556231 0.49358160985789507 0.5936640578221501], [36.981642946590775, 29.437151611476647, 82.73477635271409])];temperature=3.0;alg=\"rwm\";sa_level=[0.0];T_search_runs=0;T_search_time=0.0;rs=1.4;η=0.3665;σ_t=1.25;σ_r=0.2;mu=0.5;overlap_jump=0.0;overlap_slope=1.1;bnds=120.0;persistence_weights=[0.0,0.0,0.0];n_mol=2;mol_type=\"6r7m\";nrg=\"cc_fsol\";prtbt=\"single_random\";intl=\"random\";output_directory=\"../Simulations/unsorted_output/topo_touch_ma_finish/\";delaunay_eps=100.0;exact_delaunay=false;comment=\"topo_touch_ma_finish\";mode=\"iterations\";iterations=10000;simulation_time_minutes=360.0
25 name=\"25\";x=Tuple{QuatRotation{Float64}, Vector{Float64}}[([-0.20687136937735767 -0.0473438247711811 0.9772219803033355; 0.20226077232501263 -0.9793207642440884 -0.004628250086587307; 0.9572328956478806 0.1966962200358977 0.2121692261218942], [42.95045669757703, 57.13879856688534, 72.63475041698165]), ([-0.5099803760246124 -0.30890878289181584 0.8028046960015193; 0.5796376758023649 -0.8129898881673655 0.055385977720419255; 0.6355628850556231 0.49358160985789507 0.5936640578221501], [36.981642946590775, 29.437151611476647, 82.73477635271409])];temperature=3.0;alg=\"rwm\";sa_level=[0.0];T_search_runs=0;T_search_time=0.0;rs=1.4;η=0.3665;σ_t=1.25;σ_r=0.2;mu=0.5;overlap_jump=0.0;overlap_slope=1.1;bnds=120.0;persistence_weights=[0.0,0.0,0.0];n_mol=2;mol_type=\"6r7m\";nrg=\"cc_fsol\";prtbt=\"single_random\";intl=\"random\";output_directory=\"../Simulations/unsorted_output/topo_touch_ma_finish/\";delaunay_eps=100.0;exact_delaunay=false;comment=\"topo_touch_ma_finish\";mode=\"iterations\";iterations=10000;simulation_time_minutes=360.0
26 name=\"26\";x=Tuple{QuatRotation{Float64}, Vector{Float64}}[([-0.20687136937735767 -0.0473438247711811 0.9772219803033355; 0.20226077232501263 -0.9793207642440884 -0.004628250086587307; 0.9572328956478806 0.1966962200358977 0.2121692261218942], [42.95045669757703, 57.13879856688534, 72.63475041698165]), ([-0.5099803760246124 -0.30890878289181584 0.8028046960015193; 0.5796376758023649 -0.8129898881673655 0.055385977720419255; 0.6355628850556231 0.49358160985789507 0.5936640578221501], [36.981642946590775, 29.437151611476647, 82.73477635271409])];temperature=3.0;alg=\"rwm\";sa_level=[0.0];T_search_runs=0;T_search_time=0.0;rs=1.4;η=0.3665;σ_t=1.25;σ_r=0.2;mu=0.5;overlap_jump=0.0;overlap_slope=1.1;bnds=120.0;persistence_weights=[0.0,0.0,0.0];n_mol=2;mol_type=\"6r7m\";nrg=\"cc_fsol\";prtbt=\"single_random\";intl=\"random\";output_directory=\"../Simulations/unsorted_output/topo_touch_ma_finish/\";delaunay_eps=100.0;exact_delaunay=false;comment=\"topo_touch_ma_finish\";mode=\"iterations\";iterations=10000;simulation_time_minutes=360.0
27 name=\"27\";x=Tuple{QuatRotation{Float64}, Vector{Float64}}[([-0.20687136937735767 -0.0473438247711811 0.9772219803033355; 0.20226077232501263 -0.9793207642440884 -0.004628250086587307; 0.9572328956478806 0.1966962200358977 0.2121692261218942], [42.95045669757703, 57.13879856688534, 72.63475041698165]), ([-0.5099803760246124 -0.30890878289181584 0.8028046960015193; 0.5796376758023649 -0.8129898881673655 0.055385977720419255; 0.6355628850556231 0.49358160985789507 0.5936640578221501], [36.981642946590775, 29.437151611476647, 82.73477635271409])];temperature=3.0;alg=\"rwm\";sa_level=[0.0];T_search_runs=0;T_search_time=0.0;rs=1.4;η=0.3665;σ_t=1.25;σ_r=0.2;mu=0.5;overlap_jump=0.0;overlap_slope=1.1;bnds=120.0;persistence_weights=[0.0,0.0,0.0];n_mol=2;mol_type=\"6r7m\";nrg=\"cc_fsol\";prtbt=\"single_random\";intl=\"random\";output_directory=\"../Simulations/unsorted_output/topo_touch_ma_finish/\";delaunay_eps=100.0;exact_delaunay=false;comment=\"topo_touch_ma_finish\";mode=\"iterations\";iterations=10000;simulation_time_minutes=360.0
28 name=\"28\";x=Tuple{QuatRotation{Float64}, Vector{Float64}}[([-0.20687136937735767 -0.0473438247711811 0.9772219803033355; 0.20226077232501263 -0.9793207642440884 -0.004628250086587307; 0.9572328956478806 0.1966962200358977 0.2121692261218942], [42.95045669757703, 57.13879856688534, 72.63475041698165]), ([-0.5099803760246124 -0.30890878289181584 0.8028046960015193; 0.5796376758023649 -0.8129898881673655 0.055385977720419255; 0.6355628850556231 0.49358160985789507 0.5936640578221501], [36.981642946590775, 29.437151611476647, 82.73477635271409])];temperature=3.0;alg=\"rwm\";sa_level=[0.0];T_search_runs=0;T_search_time=0.0;rs=1.4;η=0.3665;σ_t=1.25;σ_r=0.2;mu=0.5;overlap_jump=0.0;overlap_slope=1.1;bnds=120.0;persistence_weights=[0.0,0.0,0.0];n_mol=2;mol_type=\"6r7m\";nrg=\"cc_fsol\";prtbt=\"single_random\";intl=\"random\";output_directory=\"../Simulations/unsorted_output/topo_touch_ma_finish/\";delaunay_eps=100.0;exact_delaunay=false;comment=\"topo_touch_ma_finish\";mode=\"iterations\";iterations=10000;simulation_time_minutes=360.0
29 name=\"29\";x=Tuple{QuatRotation{Float64}, Vector{Float64}}[([-0.20687136937735767 -0.0473438247711811 0.9772219803033355; 0.20226077232501263 -0.9793207642440884 -0.004628250086587307; 0.9572328956478806 0.1966962200358977 0.2121692261218942], [42.95045669757703, 57.13879856688534, 72.63475041698165]), ([-0.5099803760246124 -0.30890878289181584 0.8028046960015193; 0.5796376758023649 -0.8129898881673655 0.055385977720419255; 0.6355628850556231 0.49358160985789507 0.5936640578221501], [36.981642946590775, 29.437151611476647, 82.73477635271409])];temperature=3.0;alg=\"rwm\";sa_level=[0.0];T_search_runs=0;T_search_time=0.0;rs=1.4;η=0.3665;σ_t=1.25;σ_r=0.2;mu=0.5;overlap_jump=0.0;overlap_slope=1.1;bnds=120.0;persistence_weights=[0.0,0.0,0.0];n_mol=2;mol_type=\"6r7m\";nrg=\"cc_fsol\";prtbt=\"single_random\";intl=\"random\";output_directory=\"../Simulations/unsorted_output/topo_touch_ma_finish/\";delaunay_eps=100.0;exact_delaunay=false;comment=\"topo_touch_ma_finish\";mode=\"iterations\";iterations=10000;simulation_time_minutes=360.0
30 name=\"30\";x=Tuple{QuatRotation{Float64}, Vector{Float64}}[([-0.20687136937735767 -0.0473438247711811 0.9772219803033355; 0.20226077232501263 -0.9793207642440884 -0.004628250086587307; 0.9572328956478806 0.1966962200358977 0.2121692261218942], [42.95045669757703, 57.13879856688534, 72.63475041698165]), ([-0.5099803760246124 -0.30890878289181584 0.8028046960015193; 0.5796376758023649 -0.8129898881673655 0.055385977720419255; 0.6355628850556231 0.49358160985789507 0.5936640578221501], [36.981642946590775, 29.437151611476647, 82.73477635271409])];temperature=3.0;alg=\"rwm\";sa_level=[0.0];T_search_runs=0;T_search_time=0.0;rs=1.4;η=0.3665;σ_t=1.25;σ_r=0.2;mu=0.5;overlap_jump=0.0;overlap_slope=1.1;bnds=120.0;persistence_weights=[0.0,0.0,0.0];n_mol=2;mol_type=\"6r7m\";nrg=\"cc_fsol\";prtbt=\"single_random\";intl=\"random\";output_directory=\"../Simulations/unsorted_output/topo_touch_ma_finish/\";delaunay_eps=100.0;exact_delaunay=false;comment=\"topo_touch_ma_finish\";mode=\"iterations\";iterations=10000;simulation_time_minutes=360.0
31 name=\"31\";x=Tuple{QuatRotation{Float64}, Vector{Float64}}[([-0.15564141010096605 0.3809359671399597 -0.9114074502663048; -0.9120854077727087 -0.40970768850551115 -0.015486087548594485; -0.3793098474728472 0.8288711594202169 0.41121361929234646], [30.98480576351546, 34.934314045079184, 58.79245017690629]), ([0.09326584399203985 0.014990058356611935 -0.9955283926111387; -0.9810972360696769 0.17166401409119486 -0.08932905262308816; 0.16955735230562213 0.9850415039055782 0.030717093979471838], [27.16393856907507, 27.249931492554687, 31.924086779912194])];temperature=3.0;alg=\"rwm\";sa_level=[0.0];T_search_runs=0;T_search_time=0.0;rs=1.4;η=0.3665;σ_t=1.25;σ_r=0.2;mu=0.5;overlap_jump=0.0;overlap_slope=1.1;bnds=120.0;persistence_weights=[0.0,0.0,0.0];n_mol=2;mol_type=\"6r7m\";nrg=\"cc_fsol\";prtbt=\"single_random\";intl=\"random\";output_directory=\"../Simulations/unsorted_output/topo_touch_ma_finish/\";delaunay_eps=100.0;exact_delaunay=false;comment=\"topo_touch_ma_finish\";mode=\"iterations\";iterations=10000;simulation_time_minutes=360.0
32 name=\"32\";x=Tuple{QuatRotation{Float64}, Vector{Float64}}[([-0.15564141010096605 0.3809359671399597 -0.9114074502663048; -0.9120854077727087 -0.40970768850551115 -0.015486087548594485; -0.3793098474728472 0.8288711594202169 0.41121361929234646], [30.98480576351546, 34.934314045079184, 58.79245017690629]), ([0.09326584399203985 0.014990058356611935 -0.9955283926111387; -0.9810972360696769 0.17166401409119486 -0.08932905262308816; 0.16955735230562213 0.9850415039055782 0.030717093979471838], [27.16393856907507, 27.249931492554687, 31.924086779912194])];temperature=3.0;alg=\"rwm\";sa_level=[0.0];T_search_runs=0;T_search_time=0.0;rs=1.4;η=0.3665;σ_t=1.25;σ_r=0.2;mu=0.5;overlap_jump=0.0;overlap_slope=1.1;bnds=120.0;persistence_weights=[0.0,0.0,0.0];n_mol=2;mol_type=\"6r7m\";nrg=\"cc_fsol\";prtbt=\"single_random\";intl=\"random\";output_directory=\"../Simulations/unsorted_output/topo_touch_ma_finish/\";delaunay_eps=100.0;exact_delaunay=false;comment=\"topo_touch_ma_finish\";mode=\"iterations\";iterations=10000;simulation_time_minutes=360.0
33 name=\"33\";x=Tuple{QuatRotation{Float64}, Vector{Float64}}[([-0.15564141010096605 0.3809359671399597 -0.9114074502663048; -0.9120854077727087 -0.40970768850551115 -0.015486087548594485; -0.3793098474728472 0.8288711594202169 0.41121361929234646], [30.98480576351546, 34.934314045079184, 58.79245017690629]), ([0.09326584399203985 0.014990058356611935 -0.9955283926111387; -0.9810972360696769 0.17166401409119486 -0.08932905262308816; 0.16955735230562213 0.9850415039055782 0.030717093979471838], [27.16393856907507, 27.249931492554687, 31.924086779912194])];temperature=3.0;alg=\"rwm\";sa_level=[0.0];T_search_runs=0;T_search_time=0.0;rs=1.4;η=0.3665;σ_t=1.25;σ_r=0.2;mu=0.5;overlap_jump=0.0;overlap_slope=1.1;bnds=120.0;persistence_weights=[0.0,0.0,0.0];n_mol=2;mol_type=\"6r7m\";nrg=\"cc_fsol\";prtbt=\"single_random\";intl=\"random\";output_directory=\"../Simulations/unsorted_output/topo_touch_ma_finish/\";delaunay_eps=100.0;exact_delaunay=false;comment=\"topo_touch_ma_finish\";mode=\"iterations\";iterations=10000;simulation_time_minutes=360.0
34 name=\"34\";x=Tuple{QuatRotation{Float64}, Vector{Float64}}[([-0.15564141010096605 0.3809359671399597 -0.9114074502663048; -0.9120854077727087 -0.40970768850551115 -0.015486087548594485; -0.3793098474728472 0.8288711594202169 0.41121361929234646], [30.98480576351546, 34.934314045079184, 58.79245017690629]), ([0.09326584399203985 0.014990058356611935 -0.9955283926111387; -0.9810972360696769 0.17166401409119486 -0.08932905262308816; 0.16955735230562213 0.9850415039055782 0.030717093979471838], [27.16393856907507, 27.249931492554687, 31.924086779912194])];temperature=3.0;alg=\"rwm\";sa_level=[0.0];T_search_runs=0;T_search_time=0.0;rs=1.4;η=0.3665;σ_t=1.25;σ_r=0.2;mu=0.5;overlap_jump=0.0;overlap_slope=1.1;bnds=120.0;persistence_weights=[0.0,0.0,0.0];n_mol=2;mol_type=\"6r7m\";nrg=\"cc_fsol\";prtbt=\"single_random\";intl=\"random\";output_directory=\"../Simulations/unsorted_output/topo_touch_ma_finish/\";delaunay_eps=100.0;exact_delaunay=false;comment=\"topo_touch_ma_finish\";mode=\"iterations\";iterations=10000;simulation_time_minutes=360.0
35 name=\"35\";x=Tuple{QuatRotation{Float64}, Vector{Float64}}[([-0.15564141010096605 0.3809359671399597 -0.9114074502663048; -0.9120854077727087 -0.40970768850551115 -0.015486087548594485; -0.3793098474728472 0.8288711594202169 0.41121361929234646], [30.98480576351546, 34.934314045079184, 58.79245017690629]), ([0.09326584399203985 0.014990058356611935 -0.9955283926111387; -0.9810972360696769 0.17166401409119486 -0.08932905262308816; 0.16955735230562213 0.9850415039055782 0.030717093979471838], [27.16393856907507, 27.249931492554687, 31.924086779912194])];temperature=3.0;alg=\"rwm\";sa_level=[0.0];T_search_runs=0;T_search_time=0.0;rs=1.4;η=0.3665;σ_t=1.25;σ_r=0.2;mu=0.5;overlap_jump=0.0;overlap_slope=1.1;bnds=120.0;persistence_weights=[0.0,0.0,0.0];n_mol=2;mol_type=\"6r7m\";nrg=\"cc_fsol\";prtbt=\"single_random\";intl=\"random\";output_directory=\"../Simulations/unsorted_output/topo_touch_ma_finish/\";delaunay_eps=100.0;exact_delaunay=false;comment=\"topo_touch_ma_finish\";mode=\"iterations\";iterations=10000;simulation_time_minutes=360.0
36 name=\"36\";x=Tuple{QuatRotation{Float64}, Vector{Float64}}[([-0.15564141010096605 0.3809359671399597 -0.9114074502663048; -0.9120854077727087 -0.40970768850551115 -0.015486087548594485; -0.3793098474728472 0.8288711594202169 0.41121361929234646], [30.98480576351546, 34.934314045079184, 58.79245017690629]), ([0.09326584399203985 0.014990058356611935 -0.9955283926111387; -0.9810972360696769 0.17166401409119486 -0.08932905262308816; 0.16955735230562213 0.9850415039055782 0.030717093979471838], [27.16393856907507, 27.249931492554687, 31.924086779912194])];temperature=3.0;alg=\"rwm\";sa_level=[0.0];T_search_runs=0;T_search_time=0.0;rs=1.4;η=0.3665;σ_t=1.25;σ_r=0.2;mu=0.5;overlap_jump=0.0;overlap_slope=1.1;bnds=120.0;persistence_weights=[0.0,0.0,0.0];n_mol=2;mol_type=\"6r7m\";nrg=\"cc_fsol\";prtbt=\"single_random\";intl=\"random\";output_directory=\"../Simulations/unsorted_output/topo_touch_ma_finish/\";delaunay_eps=100.0;exact_delaunay=false;comment=\"topo_touch_ma_finish\";mode=\"iterations\";iterations=10000;simulation_time_minutes=360.0
37 name=\"37\";x=Tuple{QuatRotation{Float64}, Vector{Float64}}[([-0.15564141010096605 0.3809359671399597 -0.9114074502663048; -0.9120854077727087 -0.40970768850551115 -0.015486087548594485; -0.3793098474728472 0.8288711594202169 0.41121361929234646], [30.98480576351546, 34.934314045079184, 58.79245017690629]), ([0.09326584399203985 0.014990058356611935 -0.9955283926111387; -0.9810972360696769 0.17166401409119486 -0.08932905262308816; 0.16955735230562213 0.9850415039055782 0.030717093979471838], [27.16393856907507, 27.249931492554687, 31.924086779912194])];temperature=3.0;alg=\"rwm\";sa_level=[0.0];T_search_runs=0;T_search_time=0.0;rs=1.4;η=0.3665;σ_t=1.25;σ_r=0.2;mu=0.5;overlap_jump=0.0;overlap_slope=1.1;bnds=120.0;persistence_weights=[0.0,0.0,0.0];n_mol=2;mol_type=\"6r7m\";nrg=\"cc_fsol\";prtbt=\"single_random\";intl=\"random\";output_directory=\"../Simulations/unsorted_output/topo_touch_ma_finish/\";delaunay_eps=100.0;exact_delaunay=false;comment=\"topo_touch_ma_finish\";mode=\"iterations\";iterations=10000;simulation_time_minutes=360.0
38 name=\"38\";x=Tuple{QuatRotation{Float64}, Vector{Float64}}[([-0.15564141010096605 0.3809359671399597 -0.9114074502663048; -0.9120854077727087 -0.40970768850551115 -0.015486087548594485; -0.3793098474728472 0.8288711594202169 0.41121361929234646], [30.98480576351546, 34.934314045079184, 58.79245017690629]), ([0.09326584399203985 0.014990058356611935 -0.9955283926111387; -0.9810972360696769 0.17166401409119486 -0.08932905262308816; 0.16955735230562213 0.9850415039055782 0.030717093979471838], [27.16393856907507, 27.249931492554687, 31.924086779912194])];temperature=3.0;alg=\"rwm\";sa_level=[0.0];T_search_runs=0;T_search_time=0.0;rs=1.4;η=0.3665;σ_t=1.25;σ_r=0.2;mu=0.5;overlap_jump=0.0;overlap_slope=1.1;bnds=120.0;persistence_weights=[0.0,0.0,0.0];n_mol=2;mol_type=\"6r7m\";nrg=\"cc_fsol\";prtbt=\"single_random\";intl=\"random\";output_directory=\"../Simulations/unsorted_output/topo_touch_ma_finish/\";delaunay_eps=100.0;exact_delaunay=false;comment=\"topo_touch_ma_finish\";mode=\"iterations\";iterations=10000;simulation_time_minutes=360.0
