{
 "cells": [
  {
   "cell_type": "code",
   "execution_count": 8,
   "metadata": {},
   "outputs": [
    {
     "name": "stderr",
     "output_type": "stream",
     "text": [
      "\u001b[32m\u001b[1m  Activating\u001b[22m\u001b[39m project at `~/Doktor/Code/MorphoMol/MorphoMolHPC`\n"
     ]
    }
   ],
   "source": [
    "import Pkg; \n",
    "\n",
    "if split(pwd(),\"/\")[end] == \"config_generators\"\n",
    "    cd(joinpath(@__DIR__, \"../../\"))\n",
    "    Pkg.activate(\"Project.toml\")\n",
    "end\n",
    "\n",
    "using Rotations\n",
    "\n",
    "function get_energy(id)\n",
    "    if id == \"ZERO\"\n",
    "        return \"cc_fsol\"\n",
    "    else\n",
    "        return \"cc_fsol_twasp_interpolated\"\n",
    "    end\n",
    "end\n",
    "\n",
    "function get_base_persistence_weights(id)\n",
    "    pws = Dict(\n",
    "        \"ZERO\" => [0.0, 0.0, 0.0],\n",
    "        \"ONE\" => [1.0, -0.2, -1.5],\n",
    "        \"TWO\" => [1.0, -0.3, -1.2],\n",
    "        \"THREE\" => [1.0, -0.4, -0.9],\n",
    "        \"FOUR\" => [1.0, -0.7, -0.0],\n",
    "        \"FIVE\" => [1.0, -0.7, -0.5],\n",
    "        \"SIX\" => [1.0, -0.7, -0.7],\n",
    "        \"SEVEN\" => [1.0, 0.0, 0.0],\n",
    "        \"EIGHT\" => [1.0, 0.0, -2.0]\n",
    "    )\n",
    "    pws[id]\n",
    "end\n",
    "\n",
    "top_touching_states = Vector{Tuple{QuatRotation{Float64}, Vector{Float64}}}[[([-0.7317732747065022 0.640932193978558 -0.2317623721555135; -0.6578126381835526 -0.5752376669479247 0.4861935412675692; 0.17829864685777377 0.5082396572938176 0.8425568486948203], [118.19304303738409, 44.63146418204686, 91.2115537081645]), ([-0.11917139754021466 0.9599492545310386 -0.2535657838384674; -0.9780956245425321 -0.06960595899574507 0.1961732900346978; 0.17066671397512498 0.2713898288395991 0.9472172050503237], [99.10643291254962, 46.45977804144794, 73.13503812389071])], [([0.7400141934654972 -0.6219174653826715 0.2561204008305313; 0.6586544672389795 0.592964734730124 -0.46321389891988174; 0.13621044840882957 0.5114797059692751 0.84843103675304], [34.727710181468034, 107.43593361646275, 47.71731956583622]), ([0.6468788741531657 -0.7604026424561852 0.05775416452501311; 0.5512789613805336 0.41395777973928305 -0.724382815459148; 0.5269148213075159 0.500426595954864 0.6869745214689511], [51.78651803946268, 100.81663066825588, 23.92212100933278])], [([-0.20687136937735662 -0.04734382477118099 0.9772219803033341; 0.2022607723250124 -0.9793207642440869 -0.004628250086587418; 0.9572328956478792 0.19669622003589754 0.21216922612189315], [42.95045669757703, 57.13879856688534, 72.63475041698165]), ([-0.5099803760246169 -0.30890878289181767 0.802804696001523; 0.5796376758023676 -0.8129898881673707 0.05538597772042003; 0.6355628850556264 0.49358160985789706 0.5936640578221549], [36.981642946590775, 29.437151611476647, 82.73477635271409])], [([-0.15564141010096666 0.3809359671399604 -0.9114074502663057; -0.9120854077727099 -0.409707688505512 -0.015486087548594318; -0.37930984747284785 0.8288711594202178 0.41121361929234734], [30.98480576351546, 34.934314045079184, 58.79245017690629]), ([0.09326584399203544 0.01499005835660866 -0.9955283926111311; -0.9810972360696699 0.17166401409118995 -0.08932905262308433; 0.16955735230561775 0.9850415039055709 0.030717093979467536], [27.16393856907507, 27.249931492554687, 31.924086779912194])], [([0.3830850598715845 0.6522884553281911 -0.6540379254666637; 0.70748855858651 0.24803894721734715 0.6617677992562668; 0.5938903740357786 -0.7162377061484985 -0.3664666040975227], [17.403645782612884, 40.85686019166892, 84.09830900198098]), ([0.21617540508769723 0.7932674511002583 -0.5692055386765572; 0.4161519224824807 0.45251964324605676 0.7886973753541958; 0.8832246439322816 -0.407372953816722 -0.23229615762929312], [32.75702339484453, 54.63118455033106, 62.72267740561522])], [([-0.288126644962827 -0.831577121458867 -0.47482894554634614; 0.8247979704411197 0.03641017987168593 -0.5642540267981493; 0.4865093466920035 -0.5542145702414376 0.6753923790756182], [78.23785552821077, 73.137081802728, 94.13972968243867]), ([0.1516431583757118 -0.8519295332690774 -0.5012189370542292; 0.809776433219959 0.39785616724177836 -0.43124540390506627; 0.5668037409186716 -0.340479868026899 0.7502046245851763], [51.96076593188698, 73.22068220334782, 78.96508924758142])], [([-0.7430024132344253 0.4915970151624267 0.45418034811206315; -0.3904477735780537 0.23278870250152417 -0.89070755924466; -0.5435972314459879 -0.8391315717281953 0.01898039233544324], [43.97524675823196, 91.11084381443399, 47.021005555139645]), ([-0.4955016823518075 0.62439254167109 0.6038311325959053; -0.6050485298152781 0.25066451902312564 -0.7557007181889435; -0.6232129325960015 -0.739798116250934 0.25358309848385135], [27.201723966408164, 82.36011805338187, 65.71096611827922])], [([0.2038642723523043 0.7897093430140409 -0.5786177598506652; 0.32598278289256166 -0.612059880728261 -0.7204983883816347; -0.9231330260129855 -0.04173554790874984 -0.3822087915326778], [82.25797892067443, 78.85052546191838, 44.0797062269894]), ([0.17228344007678262 0.7703601834469948 -0.6138921762287054; 0.7514754084605294 -0.5057158715928874 -0.4237170845011093; -0.6368697879114565 -0.388325436945035 -0.6660332035770121], [98.33590840886168, 55.582202658852715, 38.048318663348624])], [([-0.7050023352088679 -0.6873319558810097 0.17477554112300694; 0.6540373720943397 -0.725403641434937 -0.2145336171719362; 0.27423862465740395 -0.036936965464562474 0.9609520473615196], [30.964915260107915, 32.82270360867918, 74.88180275708338]), ([-0.6709335228733038 -0.7376255659951574 -0.07587313276231239; 0.6946305057883932 -0.5894035740517349 -0.4124219772553687; 0.25949309877722126 -0.32941152269674884 0.907827836322301], [12.882298151936784, 13.508129168128301, 81.15344872662885])], [([0.4112843087519539 0.8989664468546124 -0.15068027344015267; 0.8604686241682642 -0.43745324211618464 -0.26120568099486585; -0.3007307170815452 -0.022225849626289457 -0.9534500759934877], [13.920744805579275, 82.61055875895505, 90.46965050232998]), ([0.2905081144735039 0.9347655228092333 -0.20449560580177695; 0.9541833890676465 -0.2990098508565294 -0.011276928577478307; -0.07168748462901366 -0.1918502709352849 -0.9788025225190361], [37.611663575894504, 64.17592151868303, 90.34409352660278])], [([-0.09454178416070474 -0.5033370244338851 -0.8589026084963003; 0.05178246795288477 -0.8640854520665875 0.500674452653204; -0.9941732379522268 0.002858559238409414 0.10775621364293247], [110.99793312899808, 81.44876512415192, 56.78450895694473]), ([0.07173021027918375 -0.5801949496312608 -0.8113128849930148; 0.5984902169762372 -0.6256681632907324 0.5003486880447914; -0.7979124244658976 -0.5214529411814515 0.3023616923754945], [93.7525182863823, 58.246561503958276, 56.80082175001052])], [([0.7885908287060721 0.5496874179878554 0.2756233796079413; -0.612944223706375 0.6667866279165291 0.4239044367032289; 0.04923295142125789 -0.5032289094811 0.8627495471785558], [75.03329178651292, 77.81096969717301, 67.7041257525915]), ([0.7006712526868032 0.4953728281790726 0.5134837453709437; -0.6227497005079434 0.07338587871297231 0.7789719656847677; 0.34819908985460013 -0.8655751116497002 0.3599126559556306], [91.86353458168315, 96.30355544823686, 56.96093964167433])], [([0.8033405975292802 -0.015985378084239648 0.5953052595507665; -0.06534936837740435 -0.9959690343073304 0.0614421903385655; 0.5919234278299651 -0.08826182860348021 -0.8011469935021891], [106.289043708001, 67.01113378103092, 96.28447592922394]), ([0.7964953494559904 0.26584620517395885 0.5430662514736145; 0.09151063443318723 -0.9408127598488082 0.3263390180338881; 0.5976796483741381 -0.2102311729984213 -0.7736807428255487], [106.69060163800339, 40.646837493823675, 90.5046093813725])], [([-0.8312802898770872 -0.5184532004326974 0.20044789503251104; -0.47117043646823753 0.4659015940836835 -0.7489553554308952; 0.29490930717798947 -0.7170369471591973 -0.6315746329203085], [67.46109786177595, 16.583401731777048, 52.04968020981101]), ([-0.7520862888565053 -0.5160185801775349 0.409989071836814; -0.4901806817214348 0.02212773662375994 -0.8713399236457727; 0.44055546005146795 -0.8562915322385668 -0.26958430673050837], [54.452511755853415, 22.6132611821594, 27.558897007247555])], [([-0.8707555045542452 0.4448740638651194 -0.2094562450456431; 0.39848422019899743 0.38886403375846623 -0.8306594305137914; -0.28808883619620484 -0.8067662800025998 -0.5158807923444021], [51.711501022587086, 32.529402659665585, 58.27904244478036]), ([-0.7711030915833753 0.5260189228085377 0.35875355747074006; 0.5663399479367863 0.824123414819719 0.008925274048948287; -0.29096234382050906 0.21005877747248813 -0.933389642370883], [34.35110978145437, 11.396738980649419, 65.52214874686257])], [([-0.7044579765987924 0.10895857228916728 0.701332295514065; 0.6148594841734346 -0.39989767130532555 0.6797276419320769; 0.3545233051976969 0.9100603727276945 0.21471689282032874], [25.345079183844987, 97.37961132089241, 47.28829764509451]), ([-0.9187871517724802 0.08167692879764407 0.3862111456703008; 0.3758095294947972 -0.11846050252291973 0.9190942861768233; 0.12081956496644422 0.9895938503467824 0.07814501952854869], [26.848339265715243, 96.08582861402215, 77.1619366299164])], [([-0.5748884286286668 0.04808091964600836 0.8168179232820778; -0.793296246590381 -0.27732089774477253 -0.5420093955086359; 0.20046036958577534 -0.9595735223733602 0.19757098821817665], [67.52242758597149, 77.21037396631041, 114.02735778750541]), ([-0.4735728663403163 -0.24305897513138672 0.846552464336555; -0.5475741358234358 -0.671580147290206 -0.49914193526779543; 0.6898487559193187 -0.6999303110837125 0.18494932706777578], [65.87302697179828, 71.61799801413468, 86.29414711527993])], [([-0.9758481092587574 -0.17136722647645575 -0.13547598069713637; -0.0062404459437681165 -0.5980471643439759 0.8014366138719442; -0.21836099580856158 0.7829258348719066 0.5825337866592776], [31.324671660499416, 23.508487475647403, 50.53819355831903]), ([-0.8634566907073928 -0.45819032239090235 -0.21096011883755672; 0.21788322697837753 -0.7159752751822557 0.6632543288431516; -0.45493894389700684 0.5267267164241924 0.7180456277499793], [33.4881771009363, 0.35884125234332376, 73.98327578277376])], [([-0.4331400962674251 -0.8673659710326377 0.2450835149496264; 0.8966483575675132 -0.4423249146803573 0.019245589741660005; 0.09171357520528448 0.2280897677398806 0.9693109294624922], [113.70226584269993, 37.68783805427252, 89.05652262178445]), ([-0.2637650626611942 -0.9503156916974942 0.1653120619702141; 0.9383082838005299 -0.2130519231156735 0.27237188292481973; -0.22361922160367806 0.22695586392561162 0.9478847395960854], [88.08755633870558, 26.441190724139165, 94.09239666330811])], [([-0.4030554431345092 0.4404981123233769 0.802189331018052; 0.2817633496465405 0.893692818521901 -0.34917411261195425; -0.8707213817034755 0.08529102626845336 -0.484323978636685], [4.629377465825909, 42.99555489778329, 54.96094503642125]), ([-0.41262836940365605 -0.16288035025982964 0.8962186230281785; -0.1608699922077759 0.98144868544612 0.10430399533652718; -0.8965816607372467 -0.1011358953850085 -0.43117613140609096], [10.664924951492177, 74.33044207226605, 53.33470463154282])]]\n",
    "ma_touching_states = Vector{Tuple{QuatRotation{Float64}, Vector{Float64}}}[[([-0.10961924862832101 -0.6339975139996664 -0.765526467584479; 0.9429784737290782 0.17718739814816192 -0.28177335576847606; 0.31428525007341 -0.7527627635448586 0.5784228586480367], [21.111645910550813, 44.206888625319166, 79.70496482658659]), ([0.23736855785986094 -0.9704599217999041 0.04317068356720971; -0.9713729481882039 -0.23668679471352733 0.020345926776635347; -0.009526975789485269 -0.046764317469272655 -0.9988605184628863], [34.74277800020512, 46.41037158989228, 110.30732362481481])], [([-0.5480586886050427 -0.5632230271057379 -0.6183942881223694; -0.061080366491341076 0.7642920382011557 -0.6419710812580335; 0.834206726581491 -0.3140660791619726 -0.45327876107978116], [97.43462034369787, 20.557195267123134, 28.584360208483393]), ([0.536296588477608 -0.8215080290452795 0.1936763470365685; -0.7481594096833554 -0.5689144222058388 -0.3414584570756154; 0.3906961311422759 0.03822222416797233 -0.9197258258253495], [115.50690953654363, 33.04530562951512, 31.983533742373325])], [([0.2752252656925642 -0.48198340047540056 -0.8318311456002682; -0.4608681805355612 0.693199873605718 -0.5541429918377436; 0.8437129685469617 0.5358786587458151 -0.03134469343425452], [116.37802730448264, 31.17335730024666, 63.603584457178684]), ([0.2586166141343313 -0.3587104711563855 -0.896908158495866; 0.7758138048010932 -0.4760633905943467 0.41409731756659907; -0.5755261828741876 -0.8029261771910078 0.15517463326100966], [94.72096290270596, 66.50052421795483, 41.15331830637194])], [([0.6259437431655642 -0.6394660702547501 -0.4464051695319203; -0.5149221818998495 -0.7687825050274976 0.3792474212847563; -0.5857043426331872 -0.0075236265581195005 -0.810489863023612], [47.73435653893339, 91.63372083334924, 117.9018593813522]), ([-0.5212616296254462 -0.4767325476326299 -0.707822288083626; -0.8276954504003384 0.4844434770710241 0.2832574075111372; 0.20786186486900002 0.7335125053815046 -0.6471111570527456], [39.49108989205707, 96.13802943162422, 96.27567913526315])], [([0.19506773809915132 0.9752098562114088 0.10447159375152815; 0.5053943519619973 -0.008657967303233732 -0.8628450548082598; -0.8405504901894791 0.22111258659397842 -0.49455444340530064], [47.80143674715321, 92.60277073599909, 90.62692332682569]), ([-0.9969404259823226 -0.03469206579524135 0.07004461159173021; -0.06310285438982918 -0.17162070098392995 -0.9831400534825305; 0.04612826476287306 -0.9845520786452262 0.16890644636994506], [80.09778694727034, 85.4186085054181, 79.88069561392254])], [([0.10155568641661247 -0.8647834399433575 0.49176828339795453; -0.5322067973919306 -0.46486664775253694 -0.7075697312753917; 0.8405012595863625 -0.18986469341886353 -0.5074534765145331], [29.665990990407394, 61.92224685234315, 62.04998808374627]), ([-0.9197309202673734 -0.3306050687628413 0.21164905577972715; -0.2861262849965826 0.19547023049327578 -0.9380421834997414; 0.26875041086143003 -0.9233047587331202 -0.27437481510260725], [13.922193189776024, 48.6806944028201, 40.33634223392604])], [([-0.39192215159298877 0.19992600225017654 0.8980125949645649; -0.5120739595484194 0.7635195108487534 -0.39346946070272193; -0.7643149135291899 -0.6140582628525973 -0.19686330988613504], [44.879896383181936, 21.347573588471057, 10.291553682385208]), ([0.8414973758779573 0.06492344442834572 0.5363460755464267; 0.5260134246331325 0.1280319161566012 -0.8407839826917343; -0.1232560079518133 0.989642751102038 0.07358791813167424], [11.393763871254908, 32.68056794853132, 19.058001044988835])], [([-0.6709578023993472 0.13769355933009442 -0.7285987312083656; 0.5021576968701766 -0.6386021177411731 -0.5831166115714083; -0.5455760944849676 -0.7571181010486346 0.359331192900131], [119.93521938562519, 95.96809165147782, 112.7507483999056]), ([0.16872527253812386 0.985509168770182 0.01742012275431315; -0.1385620691046649 0.04121327651817652 -0.9894958407411347; -0.9758751638464341 0.16453918715149846 0.14350791085913792], [117.93238490697715, 70.74446069824715, 106.48628608871859])], [([0.4616988903056737 -0.6999907724806353 0.544836721534534; -0.44269680067915185 -0.7140928507060457 -0.542301524282371; 0.768670070549764 0.009182538456389777 -0.6395795522282933], [44.296361558048005, 34.72814395504341, 10.846518189395688]), ([-0.16493537572679923 0.08580724376560475 -0.9825647249678746; -0.23847138349096256 -0.9701207064280994 -0.04469020267728496; -0.9570411282122369 0.22694257396262302 0.18046979534939783], [21.220922195393463, 33.98384820943309, 26.990580118687483])], [([-0.17533988287493385 0.9754516483729501 -0.13322915281556785; -0.4615497479288848 -0.20097819521024907 -0.8640483755189108; -0.8696135668561309 -0.09001025906295596 0.48545895563191765], [109.75668714252656, 94.0499176862044, 109.89418152530642]), ([-0.46070387395275825 -0.06373412471814066 -0.8852626174595547; -0.8418631530060702 -0.28451836724590907 0.4586019301206751; -0.2811020671137222 0.9565496641817104 0.07742330281160759], [117.65781325568871, 64.98571038180674, 93.50517080677501])], [([0.5945620320264762 0.13608069375272785 0.7924506513722631; 0.31213194117174065 -0.9473437865730783 -0.07150805088759807; 0.7409923355696122 0.28986513213761766 -0.6057297778695818], [101.91007355111074, 113.18862355181788, 64.42987076214959]), ([0.9815478202326494 -0.1809127088443205 0.06192308434754319; -0.19121649020175943 -0.9280416599691511 0.3196481366074128; -0.00036120828238273353 -0.3255906465798441 -0.9455107616459285], [110.18972710682631, 112.69973249878949, 35.5225534880593])], [([0.39976006849621826 0.4720268185211103 0.7857369599508097; 0.8033682167777363 0.23231937617630863 -0.5482948255495521; -0.4413517824901829 0.8504224773898514 -0.2863393337333323], [74.61608913394394, 78.41321360881498, 38.54944783856099]), ([0.0408689773753495 0.7192780921386829 0.6935191077812128; 0.9315589670311065 -0.2784080605141809 0.23385218148370987; 0.36128606066696084 0.636496644146761 -0.6814282092470787], [61.152471163576024, 93.4814860477443, 18.32499622021868])], [([-0.7122388285038878 0.660686500995072 -0.2370847919507343; 0.6762700377677409 0.7363703926802082 0.020432346943977983; 0.18808159715679953 -0.14578063035571442 -0.9712740708080613], [96.07993641341554, 34.93058699049154, 12.464864147589935]), ([-0.8079060399570758 -0.587773539844979 -0.04254522839245789; 0.3751959783904097 -0.45735399796045717 -0.8062600686808425; 0.45444010430476617 -0.6673451778560153 0.5900293257049045], [86.52454159937037, 1.5812732398967295, 12.871599059916225])], [([-0.09829142515568473 -0.9475985906843981 -0.303966620986287; -0.9748351363511879 0.030269270233289007 0.22086246447669455; -0.20008811228066367 0.3180262288121858 -0.9267276110656647], [69.62317421314576, 15.882840934594398, 74.63596181068672]), ([0.09541312450218088 -0.7958009726519182 -0.5979942705402682; -0.9303637627025456 -0.28492930485842816 0.23073482676624618; -0.3540050913796128 0.5343370688611724 -0.7675703825175632], [94.08435921761642, 9.86320077625204, 89.00604144340397])], [([0.9976830525529709 0.0680049872286301 0.001961723891268443; -0.05072971230399291 0.7628366660150975 -0.644598105234983; -0.04533236082696143 0.6430050876120732 0.7645190869866166], [60.2787412678197, 56.32214295597623, 5.467222255999299]), ([-0.09749702971962944 0.752661804490567 0.6511486291599308; 0.7605928474788158 0.4783113314327721 -0.4389952056538652; -0.6418666914242553 0.45245826137226863 -0.6191031191619594], [64.30066109814244, 84.3397445094445, 4.718700766220959])], [([-0.5738084097847843 0.7041857478733952 0.41817023011236615; 0.730304395184794 0.6710420334422079 -0.12789870885784546; -0.3706742494887046 0.232002202243252 -0.8993195088066598], [88.37067251478777, 45.54445189479718, 62.78314694749307]), ([-0.6507819456872356 0.7069280786581165 0.27701182424625603; 0.5042210727063472 0.6751631170144006 -0.5384383671899862; -0.5676653671013896 -0.21073076905877242 -0.7958320010941391], [111.38861089017344, 57.270249406590025, 55.73781218448063])], [([0.06065578892886275 0.24263708221442964 0.9682190462926639; -0.4785219145116533 -0.8442020452825789 0.24153609269176063; 0.8759781119420218 -0.4779645939556287 0.0649014200407963], [87.88072186849804, 93.75271283715549, 117.45060272324561]), ([-0.9586667926687619 0.25981842788723475 0.11598433154683063; 0.20697605282071163 0.916503854454321 -0.3423179783901232; -0.19524060590183928 -0.30416289928350676 -0.9323980032724782], [98.15005282352705, 74.13386550654319, 104.98554687853452])], [([0.0328251621870038 -0.7170620347668619 0.6962359851540554; -0.752715210817515 0.44055178017424984 0.48921768200799604; -0.657527429185562 -0.5401260661006285 -0.5252823170327731], [107.57930084954862, 71.51048410973672, 97.2810731749952]), ([-0.9753409406542686 0.19752913278126596 0.09844943466763995; 0.02007981921016047 0.5236407389547545 -0.8517025169432436; -0.2197881942784557 -0.8287234871835417 -0.5146946001720011], [109.93538103353947, 51.207372326116584, 113.35386469368176])], [([0.7555918795368677 -0.21728229793717962 -0.6179557545497153; 0.3154918854571103 0.9474683728333624 0.05261703803183679; 0.5740607823120186 -0.23471703279409636 0.7844502104835425], [29.092392362385993, 49.81781058859735, 64.83152274034538]), ([0.8733459127350842 -0.1281883057964145 0.46993050014440774; -0.34031502528923946 0.5296643125190847 0.7769436270451514; -0.34850050254097564 -0.8384649511462813 0.41895575593128825], [29.441530746092702, 78.20016322512164, 61.33543625824418])], [([0.8506156163216958 -0.42019178720901995 0.3160568544293409; -0.46869453673346495 -0.8783855456881313 0.09361764984437881; 0.23828240494397096 -0.227766755889159 -0.9441100573587085], [92.00224247761082, 113.65395484833958, 16.3190542809395]), ([0.42093416435991604 0.7732776431935173 -0.4741899575188387; -0.5042941702897157 -0.23503176968915862 -0.8309316801329752; -0.7539905961525291 0.5888987636036275 0.29102650590572043], [88.87197419332534, 86.56721218476342, 22.55054040032507])]];"
   ]
  },
  {
   "cell_type": "code",
   "execution_count": 9,
   "metadata": {},
   "outputs": [
    {
     "data": {
      "text/plain": [
       "\"/Users/ivanspirandelli/Doktor/Code/MorphoMol/MorphoMolHPC/lawrencium_hpc_scripts/config_generators\""
      ]
     },
     "execution_count": 9,
     "metadata": {},
     "output_type": "execute_result"
    }
   ],
   "source": [
    "cd(joinpath(@__DIR__, \"lawrencium_hpc_scripts/config_generators/\"))\n",
    "pwd()"
   ]
  },
  {
   "cell_type": "code",
   "execution_count": 10,
   "metadata": {},
   "outputs": [
    {
     "data": {
      "text/plain": [
       "1.25"
      ]
     },
     "execution_count": 10,
     "metadata": {},
     "output_type": "execute_result"
    }
   ],
   "source": [
    "function get_perturbation_and_initialization(energy, mol_type, n_mol)\n",
    "    if mol_type == \"hard_sphere\"\n",
    "        return \"single_random_only_translation\", \"random_only_translation\"\n",
    "    else\n",
    "        if occursin(\"cc\", energy) && n_mol > 2\n",
    "            return \"single_random_get_index\", \"random\"\n",
    "        else \n",
    "            return \"single_random\", \"random\"\n",
    "        end\n",
    "    end\n",
    "end\n",
    "\n",
    "mol_type = \"6r7m\"\n",
    "\n",
    "delaunay_eps = 100.0\n",
    "overlap_jump = 0.0\n",
    "overlap_slope = 1.1\n",
    "rs = 1.4\n",
    "η = 0.3665\n",
    "exact_delaunay = mol_type == \"6r7m\" ? \"false\" : \"true\"\n",
    "\n",
    "T_search_runs = 0\n",
    "T_search_time = 0.0\n",
    "\n",
    "mode = \"iterations\"\n",
    "iterations = 10000\n",
    "simulation_time_minutes = 1.0 #6.0 * 60.0\n",
    "algorithm = \"rwm\"\n",
    "mu = 0.5\n",
    "\n",
    "#sa_level = \"[1.0,0.8,0.6,0.4,0.2]\"\n",
    "sa_level = \"[0.0]\"\n",
    "\n",
    "n_mol = 2\n",
    "\n",
    "id = \"ZERO\"\n",
    "temperature = 3.0\n",
    "\n",
    "energy = get_energy(id)\n",
    "\n",
    "bnds = 120.0\n",
    "\n",
    "perturbation, initialization = get_perturbation_and_initialization(energy, mol_type, n_mol)\n",
    "\n",
    "σ_r = 0.2\n",
    "σ_t = 1.25"
   ]
  },
  {
   "cell_type": "code",
   "execution_count": null,
   "metadata": {},
   "outputs": [],
   "source": [
    "persistence_weights = get_base_persistence_weights(id)\n",
    "persistence_weights = \"[$(persistence_weights[1]),$(persistence_weights[2]),$(persistence_weights[3])]\" \n",
    "comment = \"ma_touch_ma_finish\"\n",
    "comment = replace(comment, \" \" => \"_\")\n",
    "simulations_per_combination = 1\n",
    "\n",
    "input_specifier = \"$(comment)\"\n",
    "output_directory = \"../Simulations/unsorted_output/$(input_specifier)/\"\n",
    "open(\"../configs/$(input_specifier)_config.txt\", \"w\") do io\n",
    "    println(io,\"ArrayTaskID input_string\")\n",
    "    output_directory = \"../Simulations/unsorted_output/$(input_specifier)/\"\n",
    "    i = 1\n",
    "    for state in ma_touching_states\n",
    "        for _ in 0:simulations_per_combination-1\n",
    "            name = \"$(i)\"\n",
    "            input_string = escape_string(\"name=\\\"$name\\\";x=$(state);temperature=$(temperature);alg=\\\"$(algorithm)\\\";sa_level=$(sa_level);T_search_runs=$(T_search_runs);T_search_time=$(T_search_time);rs=$rs;η=$η;σ_t=$σ_t;σ_r=$σ_r;mu=$(mu);overlap_jump=$overlap_jump;overlap_slope=$overlap_slope;bnds=$bnds;persistence_weights=$persistence_weights;n_mol=$n_mol;mol_type=\\\"$mol_type\\\";nrg=\\\"$energy\\\";prtbt=\\\"$perturbation\\\";intl=\\\"$initialization\\\";output_directory=\\\"$output_directory\\\";delaunay_eps=$delaunay_eps;exact_delaunay=$exact_delaunay;comment=\\\"$comment\\\";mode=\\\"$(mode)\\\";iterations=$(iterations);simulation_time_minutes=$simulation_time_minutes\")\n",
    "            println(io, \"$i $input_string\")\n",
    "            i += 1\n",
    "        end\n",
    "    end\n",
    "end\n",
    "total_simulations = length(readlines(\"../configs/$(input_specifier)_config.txt\")) - 1\n",
    "\n",
    "total_time_needed = simulation_time_minutes + (T_search_runs * T_search_time)\n",
    "\n",
    "hours = Int(round(total_time_needed / 60.0))\n",
    "days = hours ÷ 24\n",
    "remaining_hours = hours % 24\n",
    "remaining_hours_string = remaining_hours < 10 ? \"0$(remaining_hours)\" : string(remaining_hours)\n",
    "buffer_time_string = total_time_needed < 5 ? \"0$(Int(round(total_time_needed))+2)\" : \"30\"\n",
    "\n",
    "open(\"../$(input_specifier)_script.job\", \"w\") do io\n",
    "    println(io, \"#!/bin/bash\")\n",
    "    println(io, \"#SBATCH --job-name=SolvationSimulations\")\n",
    "    println(io, \"#SBATCH --time=0$(days)-$(remaining_hours_string):$(buffer_time_string)\")\n",
    "    println(io, \"#SBATCH --ntasks=1\")\n",
    "    println(io, \"#SBATCH --cpus-per-task=1\")\n",
    "    println(io, \"#SBATCH --mem-per-cpu=1G\")\n",
    "    println(io, \"#SBATCH --array=1-$(total_simulations)\")\n",
    "    println(io, \"#SBATCH --chdir=\\$SCRATCH/MorphoMolHPC/\")\n",
    "    println(io, \"#SBATCH -o ./job_log/$(input_specifier)/%a.out # STDOUT\")\n",
    "    println(io, \"\")\n",
    "    println(io, \"module purge\")\n",
    "    println(io, \"module load anaconda3/2024.02-1-11.4\")    \n",
    "    println(io, \"conda activate oineus_venv\")\n",
    "    println(io, \"module load julia/1.10.2-11.4\")    \n",
    "    println(io, \"\")\n",
    "    println(io, \"# Specify the path to the config file\")\n",
    "    println(io, \"config=lawrencium_hpc_scripts/configs/$(input_specifier)_config.txt\")\n",
    "    println(io, \"\")\n",
    "    println(io, \"# Extract the variables from config file\")\n",
    "    println(io, \"config_string=\\$(awk -v ArrayTaskID=\\$SLURM_ARRAY_TASK_ID '\\$1==ArrayTaskID {print \\$2}' \\$config)\")\n",
    "    println(io, \"\")\n",
    "    println(io, \"julia -e \\\"$(escape_string(\"include(\\\"julia_scripts/generic_call.jl\\\"); generic_call(\\\"\\$config_string\\\")\"))\\\"\")\n",
    "end\n"
   ]
  }
 ],
 "metadata": {
  "kernelspec": {
   "display_name": "julia_tda_1.10 1.10.6",
   "language": "julia",
   "name": "julia_tda_1.10-1.10"
  },
  "language_info": {
   "file_extension": ".jl",
   "mimetype": "application/julia",
   "name": "julia",
   "version": "1.10.6"
  }
 },
 "nbformat": 4,
 "nbformat_minor": 2
}
