ArrayTaskID input_string
1 name=\"1\";x=\"Tuple{QuatRotation{Float64}, Vector{Float64}}[([-0.10961924862831313 -0.6339975139996803 -0.7655264675844915; 0.9429784737290947 0.1771873981481723 -0.28177335576847606; 0.3142852500734184 -0.7527627635448677 0.5784228586480504], [21.111645910550813, 44.206888625319166, 79.70496482658659]), ([0.23736855785985905 -0.9704599217999015 0.04317068356720963; -0.9713729481882012 -0.23668679471352544 0.020345926776635277; -0.00952697578948528 -0.046764317469272544 -0.9988605184628834], [34.74277800020512, 46.41037158989228, 110.30732362481481])]\";temperature=3.0;alg=\"rwm\";sa_level=[0.0];T_search_runs=0;T_search_time=0.0;rs=1.4;η=0.3665;σ_t=1.25;σ_r=0.2;mu=0.5;overlap_jump=0.0;overlap_slope=1.1;bnds=120.0;persistence_weights=[0.0,0.0,0.0];n_mol=2;mol_type=\"6r7m\";nrg=\"cc_fsol\";prtbt=\"single_random\";intl=\"random\";output_directory=\"../Simulations/unsorted_output/ma_touch_ma_finish/\";delaunay_eps=100.0;exact_delaunay=false;comment=\"ma_touch_ma_finish\";mode=\"iterations\";iterations=10000;simulation_time_minutes=1.0
2 name=\"2\";x=\"Tuple{QuatRotation{Float64}, Vector{Float64}}[([-0.5480586886050418 -0.5632230271057375 -0.6183942881223687; -0.06108036649134091 0.7642920382011547 -0.641971081258033; 0.8342067265814901 -0.3140660791619722 -0.4532787610797803], [97.43462034369787, 20.557195267123134, 28.584360208483393]), ([0.5362965884776041 -0.8215080290452761 0.19367634703656753; -0.7481594096833522 -0.5689144222058349 -0.34145845707561423; 0.3906961311422744 0.03822222416797194 -0.9197258258253445], [115.50690953654363, 33.04530562951512, 31.983533742373325])]\";temperature=3.0;alg=\"rwm\";sa_level=[0.0];T_search_runs=0;T_search_time=0.0;rs=1.4;η=0.3665;σ_t=1.25;σ_r=0.2;mu=0.5;overlap_jump=0.0;overlap_slope=1.1;bnds=120.0;persistence_weights=[0.0,0.0,0.0];n_mol=2;mol_type=\"6r7m\";nrg=\"cc_fsol\";prtbt=\"single_random\";intl=\"random\";output_directory=\"../Simulations/unsorted_output/ma_touch_ma_finish/\";delaunay_eps=100.0;exact_delaunay=false;comment=\"ma_touch_ma_finish\";mode=\"iterations\";iterations=10000;simulation_time_minutes=1.0
3 name=\"3\";x=\"Tuple{QuatRotation{Float64}, Vector{Float64}}[([0.27522526569255545 -0.48198340047539706 -0.8318311456002565; -0.46086818053555806 0.6931998736057062 -0.5541429918377359; 0.8437129685469498 0.5358786587458075 -0.03134469343426107], [116.37802730448264, 31.17335730024666, 63.603584457178684]), ([0.25861661413433534 -0.35871047115638577 -0.8969081584958718; 0.7758138048010965 -0.4760633905943513 0.41409731756660295; -0.5755261828741924 -0.8029261771910128 0.15517463326100697], [94.72096290270596, 66.50052421795483, 41.15331830637194])]\";temperature=3.0;alg=\"rwm\";sa_level=[0.0];T_search_runs=0;T_search_time=0.0;rs=1.4;η=0.3665;σ_t=1.25;σ_r=0.2;mu=0.5;overlap_jump=0.0;overlap_slope=1.1;bnds=120.0;persistence_weights=[0.0,0.0,0.0];n_mol=2;mol_type=\"6r7m\";nrg=\"cc_fsol\";prtbt=\"single_random\";intl=\"random\";output_directory=\"../Simulations/unsorted_output/ma_touch_ma_finish/\";delaunay_eps=100.0;exact_delaunay=false;comment=\"ma_touch_ma_finish\";mode=\"iterations\";iterations=10000;simulation_time_minutes=1.0
4 name=\"4\";x=\"Tuple{QuatRotation{Float64}, Vector{Float64}}[([0.6259437431655667 -0.6394660702547516 -0.4464051695319214; -0.5149221818998507 -0.7687825050275002 0.3792474212847571; -0.5857043426331885 -0.007523626558119667 -0.8104898630236147], [47.73435653893339, 91.63372083334924, 117.9018593813522]), ([-0.5212616296254412 -0.47673254763262674 -0.7078222880836228; -0.8276954504003342 0.4844434770710192 0.283257407511135; 0.2078618648689983 0.733512505381501 -0.6471111570527402], [39.49108989205707, 96.13802943162422, 96.27567913526315])]\";temperature=3.0;alg=\"rwm\";sa_level=[0.0];T_search_runs=0;T_search_time=0.0;rs=1.4;η=0.3665;σ_t=1.25;σ_r=0.2;mu=0.5;overlap_jump=0.0;overlap_slope=1.1;bnds=120.0;persistence_weights=[0.0,0.0,0.0];n_mol=2;mol_type=\"6r7m\";nrg=\"cc_fsol\";prtbt=\"single_random\";intl=\"random\";output_directory=\"../Simulations/unsorted_output/ma_touch_ma_finish/\";delaunay_eps=100.0;exact_delaunay=false;comment=\"ma_touch_ma_finish\";mode=\"iterations\";iterations=10000;simulation_time_minutes=1.0
5 name=\"5\";x=\"Tuple{QuatRotation{Float64}, Vector{Float64}}[([0.19506773809915728 0.975209856211418 0.10447159375152654; 0.5053943519620041 -0.008657967303238742 -0.8628450548082673; -0.8405504901894856 0.2211125865939827 -0.49455444340530813], [47.80143674715321, 92.60277073599909, 90.62692332682569]), ([-0.9969404259823265 -0.03469206579524138 0.07004461159173045; -0.06310285438982932 -0.17162070098393245 -0.9831400534825341; 0.04612826476287326 -0.9845520786452298 0.16890644636994756], [80.09778694727034, 85.4186085054181, 79.88069561392254])]\";temperature=3.0;alg=\"rwm\";sa_level=[0.0];T_search_runs=0;T_search_time=0.0;rs=1.4;η=0.3665;σ_t=1.25;σ_r=0.2;mu=0.5;overlap_jump=0.0;overlap_slope=1.1;bnds=120.0;persistence_weights=[0.0,0.0,0.0];n_mol=2;mol_type=\"6r7m\";nrg=\"cc_fsol\";prtbt=\"single_random\";intl=\"random\";output_directory=\"../Simulations/unsorted_output/ma_touch_ma_finish/\";delaunay_eps=100.0;exact_delaunay=false;comment=\"ma_touch_ma_finish\";mode=\"iterations\";iterations=10000;simulation_time_minutes=1.0
6 name=\"6\";x=\"Tuple{QuatRotation{Float64}, Vector{Float64}}[([0.10155568641661608 -0.8647834399433624 0.4917682833979582; -0.5322067973919345 -0.4648666477525416 -0.7075697312753948; 0.8405012595863672 -0.18986469341886325 -0.507453476514538], [29.665990990407394, 61.92224685234315, 62.04998808374627]), ([-0.9197309202673722 -0.3306050687628409 0.211649055779727; -0.2861262849965822 0.1954702304932749 -0.9380421834997404; 0.2687504108614298 -0.9233047587331192 -0.27437481510260636], [13.922193189776024, 48.6806944028201, 40.33634223392604])]\";temperature=3.0;alg=\"rwm\";sa_level=[0.0];T_search_runs=0;T_search_time=0.0;rs=1.4;η=0.3665;σ_t=1.25;σ_r=0.2;mu=0.5;overlap_jump=0.0;overlap_slope=1.1;bnds=120.0;persistence_weights=[0.0,0.0,0.0];n_mol=2;mol_type=\"6r7m\";nrg=\"cc_fsol\";prtbt=\"single_random\";intl=\"random\";output_directory=\"../Simulations/unsorted_output/ma_touch_ma_finish/\";delaunay_eps=100.0;exact_delaunay=false;comment=\"ma_touch_ma_finish\";mode=\"iterations\";iterations=10000;simulation_time_minutes=1.0
7 name=\"7\";x=\"Tuple{QuatRotation{Float64}, Vector{Float64}}[([-0.39192215159298627 0.1999260022501765 0.8980125949645623; -0.5120739595484184 0.7635195108487506 -0.39346946070272054; -0.7643149135291876 -0.6140582628525957 -0.19686330988613285], [44.879896383181936, 21.347573588471057, 10.291553682385208]), ([0.8414973758779656 0.06492344442834505 0.5363460755464305; 0.5260134246331359 0.12803191615660617 -0.8407839826917423; -0.12325600795181527 0.9896427511020467 0.07358791813167895], [11.393763871254908, 32.68056794853132, 19.058001044988835])]\";temperature=3.0;alg=\"rwm\";sa_level=[0.0];T_search_runs=0;T_search_time=0.0;rs=1.4;η=0.3665;σ_t=1.25;σ_r=0.2;mu=0.5;overlap_jump=0.0;overlap_slope=1.1;bnds=120.0;persistence_weights=[0.0,0.0,0.0];n_mol=2;mol_type=\"6r7m\";nrg=\"cc_fsol\";prtbt=\"single_random\";intl=\"random\";output_directory=\"../Simulations/unsorted_output/ma_touch_ma_finish/\";delaunay_eps=100.0;exact_delaunay=false;comment=\"ma_touch_ma_finish\";mode=\"iterations\";iterations=10000;simulation_time_minutes=1.0
8 name=\"8\";x=\"Tuple{QuatRotation{Float64}, Vector{Float64}}[([-0.6709578023993508 0.13769355933009442 -0.7285987312083682; 0.502157696870178 -0.6386021177411765 -0.5831166115714105; -0.5455760944849697 -0.7571181010486373 0.35933119290013377], [119.93521938562519, 95.96809165147782, 112.7507483999056]), ([0.16872527253814285 0.9855091687702114 0.017420122754325418; -0.1385620691046806 0.041213276518193454 -0.9894958407411645; -0.9758751638464618 0.16453918715151494 0.14350791085915646], [117.93238490697715, 70.74446069824715, 106.48628608871859])]\";temperature=3.0;alg=\"rwm\";sa_level=[0.0];T_search_runs=0;T_search_time=0.0;rs=1.4;η=0.3665;σ_t=1.25;σ_r=0.2;mu=0.5;overlap_jump=0.0;overlap_slope=1.1;bnds=120.0;persistence_weights=[0.0,0.0,0.0];n_mol=2;mol_type=\"6r7m\";nrg=\"cc_fsol\";prtbt=\"single_random\";intl=\"random\";output_directory=\"../Simulations/unsorted_output/ma_touch_ma_finish/\";delaunay_eps=100.0;exact_delaunay=false;comment=\"ma_touch_ma_finish\";mode=\"iterations\";iterations=10000;simulation_time_minutes=1.0
9 name=\"9\";x=\"Tuple{QuatRotation{Float64}, Vector{Float64}}[([0.46169889030566386 -0.6999907724806278 0.5448367215345271; -0.4426968006791461 -0.714092850706034 -0.5423015242823659; 0.7686700705497556 0.009182538456388445 -0.6395795522282821], [44.296361558048005, 34.72814395504341, 10.846518189395688]), ([-0.1649353757268034 0.08580724376560557 -0.9825647249678813; -0.23847138349096397 -0.9701207064281068 -0.044690202677284865; -0.9570411282122435 0.22694257396262418 0.1804697953494021], [21.220922195393463, 33.98384820943309, 26.990580118687483])]\";temperature=3.0;alg=\"rwm\";sa_level=[0.0];T_search_runs=0;T_search_time=0.0;rs=1.4;η=0.3665;σ_t=1.25;σ_r=0.2;mu=0.5;overlap_jump=0.0;overlap_slope=1.1;bnds=120.0;persistence_weights=[0.0,0.0,0.0];n_mol=2;mol_type=\"6r7m\";nrg=\"cc_fsol\";prtbt=\"single_random\";intl=\"random\";output_directory=\"../Simulations/unsorted_output/ma_touch_ma_finish/\";delaunay_eps=100.0;exact_delaunay=false;comment=\"ma_touch_ma_finish\";mode=\"iterations\";iterations=10000;simulation_time_minutes=1.0
10 name=\"10\";x=\"Tuple{QuatRotation{Float64}, Vector{Float64}}[([-0.17533988287491759 0.9754516483729263 -0.13322915281555864; -0.461549747928868 -0.20097819521023258 -0.8640483755188921; -0.8696135668561116 -0.09001025906294763 0.4854589556318973], [109.75668714252656, 94.0499176862044, 109.89418152530642]), ([-0.46070387395275525 -0.06373412471814138 -0.8852626174595517; -0.8418631530060676 -0.2845183672459064 0.4586019301206725; -0.2811020671137204 0.9565496641817068 0.07742330281160537], [117.65781325568871, 64.98571038180674, 93.50517080677501])]\";temperature=3.0;alg=\"rwm\";sa_level=[0.0];T_search_runs=0;T_search_time=0.0;rs=1.4;η=0.3665;σ_t=1.25;σ_r=0.2;mu=0.5;overlap_jump=0.0;overlap_slope=1.1;bnds=120.0;persistence_weights=[0.0,0.0,0.0];n_mol=2;mol_type=\"6r7m\";nrg=\"cc_fsol\";prtbt=\"single_random\";intl=\"random\";output_directory=\"../Simulations/unsorted_output/ma_touch_ma_finish/\";delaunay_eps=100.0;exact_delaunay=false;comment=\"ma_touch_ma_finish\";mode=\"iterations\";iterations=10000;simulation_time_minutes=1.0
11 name=\"11\";x=\"Tuple{QuatRotation{Float64}, Vector{Float64}}[([0.5945620320264758 0.13608069375272785 0.7924506513722628; 0.31213194117174053 -0.9473437865730777 -0.071508050887598; 0.7409923355696119 0.2898651321376176 -0.6057297778695815], [101.91007355111074, 113.18862355181788, 64.42987076214959]), ([0.9815478202326652 -0.1809127088443227 0.06192308434754381; -0.19121649020176174 -0.9280416599691664 0.3196481366074167; -0.00036120828238260516 -0.325590646579848 -0.945510761645944], [110.18972710682631, 112.69973249878949, 35.5225534880593])]\";temperature=3.0;alg=\"rwm\";sa_level=[0.0];T_search_runs=0;T_search_time=0.0;rs=1.4;η=0.3665;σ_t=1.25;σ_r=0.2;mu=0.5;overlap_jump=0.0;overlap_slope=1.1;bnds=120.0;persistence_weights=[0.0,0.0,0.0];n_mol=2;mol_type=\"6r7m\";nrg=\"cc_fsol\";prtbt=\"single_random\";intl=\"random\";output_directory=\"../Simulations/unsorted_output/ma_touch_ma_finish/\";delaunay_eps=100.0;exact_delaunay=false;comment=\"ma_touch_ma_finish\";mode=\"iterations\";iterations=10000;simulation_time_minutes=1.0
12 name=\"12\";x=\"Tuple{QuatRotation{Float64}, Vector{Float64}}[([0.3997600684962171 0.47202681852110934 0.7857369599508089; 0.803368216777735 0.23231937617630927 -0.5482948255495509; -0.4413517824901828 0.85042247738985 -0.2863393337333313], [74.61608913394394, 78.41321360881498, 38.54944783856099]), ([0.04086897737534417 0.7192780921386754 0.6935191077812068; 0.931558967031098 -0.27840806051417444 0.23385218148370981; 0.36128606066695657 0.636496644146757 -0.6814282092470705], [61.152471163576024, 93.4814860477443, 18.32499622021868])]\";temperature=3.0;alg=\"rwm\";sa_level=[0.0];T_search_runs=0;T_search_time=0.0;rs=1.4;η=0.3665;σ_t=1.25;σ_r=0.2;mu=0.5;overlap_jump=0.0;overlap_slope=1.1;bnds=120.0;persistence_weights=[0.0,0.0,0.0];n_mol=2;mol_type=\"6r7m\";nrg=\"cc_fsol\";prtbt=\"single_random\";intl=\"random\";output_directory=\"../Simulations/unsorted_output/ma_touch_ma_finish/\";delaunay_eps=100.0;exact_delaunay=false;comment=\"ma_touch_ma_finish\";mode=\"iterations\";iterations=10000;simulation_time_minutes=1.0
13 name=\"13\";x=\"Tuple{QuatRotation{Float64}, Vector{Float64}}[([-0.7122388285038771 0.6606865009950654 -0.237084791950732; 0.6762700377677341 0.7363703926801974 0.020432346943978066; 0.18808159715679756 -0.14578063035571326 -0.971274070808049], [96.07993641341554, 34.93058699049154, 12.464864147589935]), ([-0.8079060399570814 -0.5877735398449819 -0.04254522839245756; 0.37519597839041197 -0.4573539979604619 -0.8062600686808467; 0.454440104304768 -0.667345177856019 0.5900293257049096], [86.52454159937037, 1.5812732398967295, 12.871599059916225])]\";temperature=3.0;alg=\"rwm\";sa_level=[0.0];T_search_runs=0;T_search_time=0.0;rs=1.4;η=0.3665;σ_t=1.25;σ_r=0.2;mu=0.5;overlap_jump=0.0;overlap_slope=1.1;bnds=120.0;persistence_weights=[0.0,0.0,0.0];n_mol=2;mol_type=\"6r7m\";nrg=\"cc_fsol\";prtbt=\"single_random\";intl=\"random\";output_directory=\"../Simulations/unsorted_output/ma_touch_ma_finish/\";delaunay_eps=100.0;exact_delaunay=false;comment=\"ma_touch_ma_finish\";mode=\"iterations\";iterations=10000;simulation_time_minutes=1.0
14 name=\"14\";x=\"Tuple{QuatRotation{Float64}, Vector{Float64}}[([-0.09829142515568096 -0.9475985906843916 -0.30396662098628574; -0.9748351363511811 0.030269270233285357 0.2208624644766929; -0.2000881122806631 0.3180262288121838 -0.9267276110656579], [69.62317421314576, 15.882840934594398, 74.63596181068672]), ([0.0954131245021821 -0.7958009726519201 -0.5979942705402694; -0.9303637627025477 -0.2849293048584296 0.2307348267662462; -0.35400509137961367 0.534337068861173 -0.7675703825175653], [94.08435921761642, 9.86320077625204, 89.00604144340397])]\";temperature=3.0;alg=\"rwm\";sa_level=[0.0];T_search_runs=0;T_search_time=0.0;rs=1.4;η=0.3665;σ_t=1.25;σ_r=0.2;mu=0.5;overlap_jump=0.0;overlap_slope=1.1;bnds=120.0;persistence_weights=[0.0,0.0,0.0];n_mol=2;mol_type=\"6r7m\";nrg=\"cc_fsol\";prtbt=\"single_random\";intl=\"random\";output_directory=\"../Simulations/unsorted_output/ma_touch_ma_finish/\";delaunay_eps=100.0;exact_delaunay=false;comment=\"ma_touch_ma_finish\";mode=\"iterations\";iterations=10000;simulation_time_minutes=1.0
15 name=\"15\";x=\"Tuple{QuatRotation{Float64}, Vector{Float64}}[([0.997683052552968 0.06800498722862997 0.0019617238912684187; -0.050729712303992786 0.762836666015095 -0.6445981052349815; -0.045332360826961356 0.6430050876120718 0.7645190869866142], [60.2787412678197, 56.32214295597623, 5.467222255999299]), ([-0.09749702971962844 0.7526618044905657 0.6511486291599297; 0.7605928474788146 0.4783113314327709 -0.43899520565386485; -0.6418666914242542 0.4524582613722683 -0.6191031191619579], [64.30066109814244, 84.3397445094445, 4.718700766220959])]\";temperature=3.0;alg=\"rwm\";sa_level=[0.0];T_search_runs=0;T_search_time=0.0;rs=1.4;η=0.3665;σ_t=1.25;σ_r=0.2;mu=0.5;overlap_jump=0.0;overlap_slope=1.1;bnds=120.0;persistence_weights=[0.0,0.0,0.0];n_mol=2;mol_type=\"6r7m\";nrg=\"cc_fsol\";prtbt=\"single_random\";intl=\"random\";output_directory=\"../Simulations/unsorted_output/ma_touch_ma_finish/\";delaunay_eps=100.0;exact_delaunay=false;comment=\"ma_touch_ma_finish\";mode=\"iterations\";iterations=10000;simulation_time_minutes=1.0
16 name=\"16\";x=\"Tuple{QuatRotation{Float64}, Vector{Float64}}[([-0.5738084097847903 0.7041857478733995 0.41817023011236865; 0.7303043951847985 0.6710420334422142 -0.12789870885784582; -0.37067424948870686 0.23200220224325302 -0.899319508806667], [88.37067251478777, 45.54445189479718, 62.78314694749307]), ([-0.6507819456872524 0.7069280786581279 0.2770118242462617; 0.5042210727063564 0.6751631170144177 -0.5384383671899943; -0.5676653671013983 -0.21073076905877705 -0.7958320010941575], [111.38861089017344, 57.270249406590025, 55.73781218448063])]\";temperature=3.0;alg=\"rwm\";sa_level=[0.0];T_search_runs=0;T_search_time=0.0;rs=1.4;η=0.3665;σ_t=1.25;σ_r=0.2;mu=0.5;overlap_jump=0.0;overlap_slope=1.1;bnds=120.0;persistence_weights=[0.0,0.0,0.0];n_mol=2;mol_type=\"6r7m\";nrg=\"cc_fsol\";prtbt=\"single_random\";intl=\"random\";output_directory=\"../Simulations/unsorted_output/ma_touch_ma_finish/\";delaunay_eps=100.0;exact_delaunay=false;comment=\"ma_touch_ma_finish\";mode=\"iterations\";iterations=10000;simulation_time_minutes=1.0
17 name=\"17\";x=\"Tuple{QuatRotation{Float64}, Vector{Float64}}[([0.060655788928860255 0.2426370822144312 0.9682190462926686; -0.47852191451165543 -0.8442020452825834 0.24153609269176082; 0.8759781119420263 -0.47796459395563007 0.06490142004079902], [87.88072186849804, 93.75271283715549, 117.45060272324561]), ([-0.9586667926687762 0.2598184278872375 0.11598433154683209; 0.20697605282071402 0.9165038544543351 -0.34231797839012695; -0.19524060590184134 -0.3041628992835102 -0.9323980032724923], [98.15005282352705, 74.13386550654319, 104.98554687853452])]\";temperature=3.0;alg=\"rwm\";sa_level=[0.0];T_search_runs=0;T_search_time=0.0;rs=1.4;η=0.3665;σ_t=1.25;σ_r=0.2;mu=0.5;overlap_jump=0.0;overlap_slope=1.1;bnds=120.0;persistence_weights=[0.0,0.0,0.0];n_mol=2;mol_type=\"6r7m\";nrg=\"cc_fsol\";prtbt=\"single_random\";intl=\"random\";output_directory=\"../Simulations/unsorted_output/ma_touch_ma_finish/\";delaunay_eps=100.0;exact_delaunay=false;comment=\"ma_touch_ma_finish\";mode=\"iterations\";iterations=10000;simulation_time_minutes=1.0
18 name=\"18\";x=\"Tuple{QuatRotation{Float64}, Vector{Float64}}[([0.03282516218701174 -0.7170620347668496 0.6962359851540437; -0.7527152108175025 0.44055178017423785 0.4892176820079922; -0.6575274291855507 -0.5401260661006239 -0.5252823170327603], [107.57930084954862, 71.51048410973672, 97.2810731749952]), ([-0.9753409406542435 0.19752913278126255 0.09844943466763739; 0.02007981921015929 0.5236407389547352 -0.8517025169432259; -0.2197881942784516 -0.8287234871835242 -0.514694600171982], [109.93538103353947, 51.207372326116584, 113.35386469368176])]\";temperature=3.0;alg=\"rwm\";sa_level=[0.0];T_search_runs=0;T_search_time=0.0;rs=1.4;η=0.3665;σ_t=1.25;σ_r=0.2;mu=0.5;overlap_jump=0.0;overlap_slope=1.1;bnds=120.0;persistence_weights=[0.0,0.0,0.0];n_mol=2;mol_type=\"6r7m\";nrg=\"cc_fsol\";prtbt=\"single_random\";intl=\"random\";output_directory=\"../Simulations/unsorted_output/ma_touch_ma_finish/\";delaunay_eps=100.0;exact_delaunay=false;comment=\"ma_touch_ma_finish\";mode=\"iterations\";iterations=10000;simulation_time_minutes=1.0
19 name=\"19\";x=\"Tuple{QuatRotation{Float64}, Vector{Float64}}[([0.7555918795368567 -0.2172822979371773 -0.6179557545497093; 0.31549188545710743 0.9474683728333503 0.05261703803183593; 0.5740607823120129 -0.2347170327940944 0.784450210483531], [29.092392362385993, 49.81781058859735, 64.83152274034538]), ([0.8733459127350816 -0.12818830579641438 0.46993050014440657; -0.3403150252892388 0.5296643125190825 0.7769436270451494; -0.3485005025409747 -0.8384649511462793 0.4189557559312862], [29.441530746092702, 78.20016322512164, 61.33543625824418])]\";temperature=3.0;alg=\"rwm\";sa_level=[0.0];T_search_runs=0;T_search_time=0.0;rs=1.4;η=0.3665;σ_t=1.25;σ_r=0.2;mu=0.5;overlap_jump=0.0;overlap_slope=1.1;bnds=120.0;persistence_weights=[0.0,0.0,0.0];n_mol=2;mol_type=\"6r7m\";nrg=\"cc_fsol\";prtbt=\"single_random\";intl=\"random\";output_directory=\"../Simulations/unsorted_output/ma_touch_ma_finish/\";delaunay_eps=100.0;exact_delaunay=false;comment=\"ma_touch_ma_finish\";mode=\"iterations\";iterations=10000;simulation_time_minutes=1.0
20 name=\"20\";x=\"Tuple{QuatRotation{Float64}, Vector{Float64}}[([0.8506156163216874 -0.420191787209017 0.3160568544293388; -0.4686945367334618 -0.8783855456881227 0.093617649844378; 0.23828240494396918 -0.22776675588915762 -0.9441100573586996], [92.00224247761082, 113.65395484833958, 16.3190542809395]), ([0.4209341643599091 0.7732776431935096 -0.47418995751883725; -0.504294170289709 -0.2350317696891623 -0.8309316801329666; -0.7539905961525244 0.5888987636036199 0.29102650590571433], [88.87197419332534, 86.56721218476342, 22.55054040032507])]\";temperature=3.0;alg=\"rwm\";sa_level=[0.0];T_search_runs=0;T_search_time=0.0;rs=1.4;η=0.3665;σ_t=1.25;σ_r=0.2;mu=0.5;overlap_jump=0.0;overlap_slope=1.1;bnds=120.0;persistence_weights=[0.0,0.0,0.0];n_mol=2;mol_type=\"6r7m\";nrg=\"cc_fsol\";prtbt=\"single_random\";intl=\"random\";output_directory=\"../Simulations/unsorted_output/ma_touch_ma_finish/\";delaunay_eps=100.0;exact_delaunay=false;comment=\"ma_touch_ma_finish\";mode=\"iterations\";iterations=10000;simulation_time_minutes=1.0
